131 67
0 0 0 0 0 0 0 0 0 0 0 0 0 0 0 0 0 0 0 0 0 0 1.28238e-06 1.70983e-06 4.22788e-06 4.98594e-06 5.10378e-06 4.76747e-06 1.63992e-06 0 0 0 0 0 0 0 0 0 0 0 0 0 0 0 0 0 0 0 0 0 0 0 0 0 0 0 0 0 0 0 0 0 0 0 0 0 0 
0 0 0 0 0 0 0 0 0 0 0 0 0 0 0 0 0 0 1.18445e-06 3.97454e-06 8.23204e-06 1.37541e-05 1.84656e-05 2.24267e-05 2.63563e-05 2.80766e-05 2.79526e-05 2.59739e-05 2.0336e-05 1.25594e-05 4.15872e-06 0 0 0 0 0 0 0 0 0 0 0 0 0 0 0 0 0 0 0 0 0 0 0 0 0 0 0 0 0 0 0 0 0 0 0 0 
0 0 0 0 0 0 0 0 0 0 0 0 0 0 1.21304e-06 1.54413e-06 4.8344e-06 1.04132e-05 1.81199e-05 2.70988e-05 3.63113e-05 4.55626e-05 5.23761e-05 5.76022e-05 5.96427e-05 6.02705e-05 5.6852e-05 5.22655e-05 4.37905e-05 3.2607e-05 2.01127e-05 0 0 0 0 0 0 0 0 0 0 0 0 0 0 0 0 0 0 0 0 0 0 0 0 0 0 0 0 0 0 0 0 0 0 0 0 
0 0 0 0 0 0 0 0 0 0 1.40158e-06 1.85861e-06 5.59224e-06 1.13708e-05 1.87987e-05 2.36141e-05 3.38889e-05 4.67695e-05 6.00516e-05 7.19207e-05 8.38317e-05 9.37921e-05 0.000100386 0.000103316 0.00010284 9.8517e-05 9.10635e-05 8.27509e-05 6.91183e-05 5.1867e-05 3.05231e-05 7.25685e-06 0 0 0 0 0 0 0 0 0 0 0 0 0 0 0 0 0 1.02871e-06 1.2094e-06 1.14343e-06 0 0 0 0 0 0 0 0 0 0 0 0 0 0 0 
0 0 0 0 0 0 1.4823e-06 2.13906e-06 6.45236e-06 1.32456e-05 2.16969e-05 2.83063e-05 3.88705e-05 5.16026e-05 6.51575e-05 7.81243e-05 9.39834e-05 0.000110393 0.000125732 0.00013972 0.00015137 0.000158644 0.000162702 0.000163536 0.000160157 0.000153496 0.000143172 0.000126685 0.000105852 8.61695e-05 6.16547e-05 2.87002e-05 2.61882e-06 0 0 0 0 0 0 0 0 0 0 0 0 0 0 1.45773e-06 9.64076e-06 1.46607e-05 1.63918e-05 1.6484e-05 1.38789e-05 8.60767e-06 4.14819e-06 1.24145e-06 0 0 0 0 0 0 0 0 0 0 0 
0 0 0 1.98101e-06 6.38772e-06 1.34494e-05 2.28785e-05 3.17162e-05 4.38445e-05 5.84532e-05 7.38484e-05 9.08105e-05 0.000106099 0.000124564 0.000144086 0.000163646 0.000184959 0.000204599 0.000222366 0.000233338 0.000240574 0.000247181 0.00024916 0.000249651 0.000248658 0.000242149 0.000228271 0.000211419 0.000186543 0.000155334 0.000115707 7.0452e-05 3.69999e-05 7.02461e-06 0 0 0 0 0 0 0 0 0 0 0 0 0 1.66627e-05 2.94571e-05 3.74735e-05 3.96432e-05 4.37968e-05 4.31493e-05 3.73641e-05 2.85002e-05 1.90533e-05 1.11092e-05 5.26366e-06 1.62732e-06 0 0 0 0 0 0 0 0 
4.62704e-06 7.91667e-06 1.65169e-05 2.887e-05 4.30608e-05 5.95548e-05 7.83426e-05 9.85164e-05 0.000117808 0.000135905 0.000157685 0.000181302 0.000207369 0.000235431 0.000263967 0.000294084 0.00032025 0.000342205 0.000359638 0.000369663 0.000382827 0.000390302 0.000395743 0.000393597 0.00039066 0.000385211 0.000368829 0.000343616 0.000308513 0.000267588 0.000213763 0.000148647 9.5763e-05 5.0777e-05 1.39232e-05 3.47307e-06 1.05722e-06 0 0 0 0 0 0 0 0 0 6.72032e-06 3.21838e-05 4.99164e-05 6.58659e-05 7.23147e-05 7.9507e-05 7.93606e-05 7.9497e-05 7.43821e-05 6.34448e-05 4.94259e-05 3.61661e-05 2.47243e-05 1.58082e-05 1.15532e-05 5.52207e-06 1.70199e-06 0 0 0 0 
3.24005e-05 5.19443e-05 7.11185e-05 9.23813e-05 0.000115453 0.000136577 0.000162113 0.000190272 0.000219029 0.000251784 0.000283742 0.000319991 0.000357147 0.000397879 0.000440069 0.000478228 0.000512594 0.000546717 0.000572328 0.000593938 0.000613361 0.000626692 0.00063461 0.000634636 0.000628519 0.000611759 0.00058907 0.000554529 0.000510704 0.000447156 0.000369519 0.000275262 0.000196985 0.000137139 8.69557e-05 4.53069e-05 2.9609e-05 2.06157e-05 1.14942e-05 4.9579e-06 1.5992e-06 1.07027e-06 0 0 0 7.97667e-06 3.75705e-05 7.66284e-05 0.000101314 0.000120849 0.000132646 0.000142482 0.000143013 0.000138131 0.000133256 0.00012734 0.000117051 9.82296e-05 8.0285e-05 6.74071e-05 5.16028e-05 3.7371e-05 2.49161e-05 1.48218e-05 6.82447e-06 2.02627e-06 1.09991e-06 
6.33015e-05 0.00010904 0.000140079 0.000167103 0.000196135 0.00023016 0.000271368 0.000315673 0.000363521 0.000415106 0.000466355 0.000517451 0.000574287 0.000634379 0.000682565 0.000734577 0.000788311 0.000836325 0.000879111 0.000922513 0.000958863 0.000987032 0.0010091 0.00101998 0.00101633 0.000998666 0.000966319 0.000909212 0.000837176 0.000743908 0.000626414 0.000490611 0.000386112 0.000300666 0.000237743 0.000181801 0.000136744 0.000116889 9.36011e-05 6.78794e-05 5.1414e-05 3.69693e-05 2.80515e-05 2.03378e-05 2.74528e-05 6.11664e-05 9.73191e-05 0.00015008 0.000192754 0.000222062 0.000239722 0.000249296 0.000253172 0.00025171 0.000241996 0.000227711 0.000211468 0.000193504 0.000166764 0.000141848 0.000119436 9.7529e-05 7.77271e-05 6.07351e-05 4.36953e-05 3.02251e-05 1.85205e-05 
8.37025e-05 0.000154948 0.000215544 0.000266314 0.000314154 0.000367394 0.000429263 0.000495077 0.000564571 0.000633237 0.00070518 0.000783375 0.000867248 0.000949495 0.0010341 0.00111382 0.00119868 0.00128105 0.0013572 0.00142382 0.00148546 0.00153713 0.00157698 0.00160218 0.00160532 0.00158653 0.00153619 0.00146113 0.00135804 0.00121961 0.00105338 0.000857078 0.000708584 0.000596867 0.000506907 0.000443627 0.000372855 0.000332369 0.000294559 0.000248655 0.000211381 0.000178304 0.000150343 0.000137205 0.00015605 0.000180768 0.000218688 0.000291289 0.000349981 0.000386877 0.000410548 0.0004233 0.000426202 0.000420188 0.000406987 0.000388661 0.000361944 0.000331227 0.00029435 0.000253127 0.000214578 0.000180472 0.000152601 0.000125985 0.000105914 8.41659e-05 5.16817e-05 
0.00012049 0.000221024 0.000312519 0.000398373 0.000476383 0.000550833 0.000632185 0.000716846 0.000808144 0.000906654 0.00101775 0.00113528 0.00125915 0.00138439 0.00150711 0.0016321 0.00175494 0.00187587 0.00198893 0.00209514 0.00219327 0.00227826 0.0023465 0.00239327 0.00241058 0.00239625 0.00234712 0.00225442 0.00212142 0.00193802 0.00171025 0.00144769 0.00123629 0.00108056 0.000960162 0.000862684 0.000787005 0.000713219 0.000658633 0.00059928 0.00053942 0.00048147 0.000444118 0.00042755 0.000418129 0.000422798 0.000468709 0.000560872 0.000629172 0.000673416 0.000696687 0.000701921 0.000690106 0.000669736 0.000639757 0.000601453 0.000562871 0.000516899 0.00046562 0.000412856 0.000356561 0.00030153 0.000252761 0.000211409 0.000172893 0.00012657 6.95099e-05 
0.000170715 0.000311523 0.00043128 0.000545327 0.000654954 0.000759664 0.000862616 0.000977264 0.00110787 0.0012574 0.00141565 0.00158065 0.00175046 0.00192408 0.00209655 0.00226858 0.00244188 0.00261138 0.00277462 0.00292971 0.00307422 0.00320364 0.00330991 0.00338777 0.00343442 0.00344498 0.00340874 0.00331839 0.00316571 0.00295265 0.00267798 0.00234047 0.0020582 0.00183774 0.00168011 0.00154537 0.00145168 0.00135341 0.00127747 0.00119466 0.00110703 0.00101993 0.000955972 0.000899847 0.000861767 0.000865017 0.000915568 0.00101653 0.00108557 0.00112369 0.00114062 0.00113217 0.00110076 0.00105331 0.000989626 0.000915532 0.00083502 0.000756986 0.000681226 0.000604529 0.000530565 0.000458409 0.000393866 0.000331176 0.00026017 0.000181698 9.91028e-05 
0.000218215 0.000402041 0.000564197 0.00070839 0.000844498 0.000984362 0.00113691 0.00130569 0.00148589 0.00167874 0.00188498 0.00209758 0.00231697 0.00253901 0.00276259 0.00298821 0.00321062 0.00342696 0.00363515 0.00383633 0.00402726 0.00419999 0.00435258 0.00448047 0.00457417 0.00463094 0.0046461 0.00460471 0.00450482 0.00433178 0.00408172 0.00374205 0.00340747 0.00313127 0.00292765 0.00276341 0.00263417 0.00250581 0.00236508 0.00221792 0.00206749 0.0019216 0.00177793 0.00165105 0.0015743 0.00154749 0.00158131 0.00167118 0.00172397 0.00174465 0.00173329 0.00169416 0.00163024 0.00154935 0.00144784 0.00133402 0.0012132 0.00108664 0.00096116 0.000843427 0.000736632 0.000639092 0.000547049 0.000452021 0.000359983 0.000261095 0.000143505 
0.000269568 0.000496687 0.00069509 0.000877072 0.00105767 0.00124897 0.00145173 0.00166286 0.00188834 0.00212909 0.0023785 0.00263483 0.00289489 0.00315437 0.00341616 0.00367084 0.00392103 0.00416311 0.00439648 0.00462279 0.00483825 0.00505059 0.00525187 0.00543891 0.00561197 0.00576255 0.00589358 0.00599476 0.00606145 0.00608345 0.00604182 0.00591946 0.00566324 0.00540031 0.0051574 0.00495607 0.00475871 0.0045428 0.00429182 0.00400803 0.0037181 0.00342482 0.00314451 0.00289305 0.002698 0.0025772 0.002536 0.00255534 0.00254366 0.00250267 0.00243844 0.00235451 0.00224828 0.00211997 0.00197545 0.00181491 0.00164696 0.00147659 0.00130741 0.0011441 0.000990299 0.00084813 0.000717699 0.000591867 0.000467662 0.000337417 0.000185601 
0.00031953 0.000586896 0.000823894 0.00105228 0.00128496 0.00152213 0.00176744 0.00202191 0.00228524 0.00255446 0.00283091 0.0031027 0.00336952 0.00363152 0.0038831 0.00412178 0.00434777 0.00456189 0.00477086 0.00497638 0.00518899 0.00541069 0.005641 0.00589184 0.00616223 0.00646315 0.00679593 0.00716266 0.00757074 0.00802095 0.00849727 0.00896774 0.00902265 0.00887581 0.00864568 0.00836701 0.0080411 0.00765383 0.00719874 0.00669738 0.00617295 0.00563991 0.00513483 0.00469454 0.00432846 0.00405203 0.00384115 0.00363947 0.00345543 0.00329094 0.00314048 0.00299202 0.00283608 0.00266998 0.00248697 0.00229212 0.00208621 0.00187357 0.00165841 0.00145532 0.0012584 0.0010747 0.000902368 0.000741403 0.000579465 0.000408191 0.000223065 
0.000362159 0.000674068 0.000960756 0.00123514 0.00150283 0.00177055 0.00204366 0.0023196 0.00259243 0.00285774 0.00311402 0.00335511 0.00357452 0.00377026 0.00393855 0.00408103 0.00420218 0.00430757 0.00440906 0.00452324 0.00466087 0.00483248 0.00505655 0.00535511 0.00574546 0.00624267 0.00685502 0.00761383 0.00854587 0.00967701 0.0110285 0.0125909 0.0133077 0.0134703 0.0132923 0.0128908 0.0123126 0.0115958 0.0107849 0.00991422 0.00902712 0.00817705 0.0074113 0.00674785 0.00619093 0.00571055 0.00524531 0.00464605 0.00419193 0.00385495 0.00360238 0.00340055 0.00322209 0.00304498 0.00285882 0.00265533 0.00243653 0.00220641 0.00196884 0.00173318 0.0015059 0.00128638 0.00107457 0.000874748 0.000681948 0.000482301 0.000255263 
0.00041274 0.000769638 0.00109225 0.00138937 0.001672 0.00194858 0.00221921 0.00247446 0.00271337 0.0029255 0.00310114 0.00323527 0.00332021 0.0033548 0.00333663 0.00327163 0.00317068 0.00305546 0.00294308 0.00286073 0.0028306 0.00288723 0.0030647 0.00339247 0.00390106 0.0046081 0.00555022 0.00676164 0.00829069 0.0102243 0.0126621 0.0157477 0.0174803 0.0181766 0.0181061 0.0174931 0.0164913 0.0152478 0.0138988 0.0125487 0.011254 0.0100837 0.00906212 0.00821432 0.00750303 0.00684175 0.00607764 0.0050159 0.00427732 0.00378875 0.00347679 0.00328274 0.00314892 0.00303594 0.00291213 0.00276243 0.00258391 0.00237462 0.00215151 0.00191486 0.00167596 0.0014397 0.00120908 0.000985041 0.000765087 0.000543318 0.00029041 
0.000447246 0.000832654 0.00117175 0.00147524 0.00175246 0.00200634 0.00223245 0.00242509 0.00256983 0.00265303 0.00266614 0.00259675 0.00243834 0.00219226 0.00186354 0.00146732 0.00102771 0.000569931 0.000133847 -0.000241187 -0.000510413 -0.000625407 -0.000538267 -0.000210342 0.000398637 0.00133156 0.00260027 0.0041841 0.00612011 0.00853762 0.0116871 0.0161107 0.0188185 0.0200643 0.0201053 0.0192305 0.0177537 0.0159989 0.0142608 0.0126865 0.0111876 0.00982968 0.00867814 0.0077595 0.00700806 0.00627372 0.00534624 0.00397246 0.00310022 0.00260581 0.00238856 0.00234127 0.00237937 0.00243627 0.00247565 0.00246681 0.00240504 0.00229054 0.00212703 0.00193453 0.00171947 0.00149648 0.00127317 0.00104683 0.000816299 0.000578663 0.000315244 
0.000450761 0.000840346 0.00117929 0.00147043 0.00171534 0.00191174 0.00204854 0.00211585 0.00209564 0.00197134 0.00172823 0.00135314 0.000846147 0.000210747 -0.00053458 -0.00136317 -0.0022382 -0.00311135 -0.00392549 -0.00462566 -0.00516095 -0.00547194 -0.00551195 -0.00521537 -0.00452261 -0.0034127 -0.0019328 -0.000172793 0.00176269 0.00376163 0.00600273 0.0100139 0.0124967 0.0136364 0.0135466 0.012522 0.0110278 0.00963179 0.00877094 0.00839483 0.00745352 0.00617389 0.00496505 0.00403024 0.00335941 0.0027536 0.00197645 0.000797356 0.000178882 -5.60593e-06 0.000108806 0.000400094 0.000768987 0.00114012 0.00145575 0.00168941 0.0018265 0.00187508 0.00184373 0.00175044 0.00160724 0.00143195 0.00124082 0.00103608 0.000818297 0.000582619 0.000312983 
0.000417932 0.000790972 0.00110374 0.00135433 0.00153786 0.00163762 0.00164117 0.00152972 0.00128185 0.000879167 0.000300623 -0.000452228 -0.00137856 -0.00246384 -0.00367074 -0.00495546 -0.00626043 -0.00751499 -0.00864835 -0.0096117 -0.0103583 -0.0108508 -0.0110301 -0.0108295 -0.0101957 -0.00911855 -0.00761511 -0.00579101 -0.00401668 -0.00333869 -0.00615777 -0.00711606 -0.00804275 -0.00889117 -0.0097639 -0.0104277 -0.0103431 -0.00880379 -0.00533286 -0.000313156 0.000256199 -0.000861339 -0.00212503 -0.00303341 -0.00354141 -0.00382651 -0.0040928 -0.00441761 -0.00432099 -0.00387679 -0.00319552 -0.00239112 -0.00155879 -0.000774804 -9.22693e-05 0.000457046 0.000865411 0.00113691 0.00128888 0.00133933 0.00131546 0.0012312 0.00110523 0.000947301 0.000758362 0.000542205 0.000288615 
0.000363421 0.000689179 0.000953511 0.00114074 0.00122988 0.00120279 0.0010374 0.00070837 0.000193047 -0.000525146 -0.00146061 -0.00261055 -0.00395208 -0.00544869 -0.00704244 -0.00866239 -0.0102382 -0.0116867 -0.0129416 -0.0139718 -0.0147425 -0.0153353 -0.0156949 -0.0157921 -0.0155961 -0.0150785 -0.0141345 -0.0127648 -0.0108138 -0.00795599 -0.0253347 -0.0388818 -0.0485168 -0.0543126 -0.0568945 -0.0559113 -0.0511155 -0.0418967 -0.0275076 -0.00754869 -0.00901051 -0.0101325 -0.0108506 -0.0111566 -0.0111068 -0.0108189 -0.0103979 -0.00987264 -0.009045 -0.00796985 -0.00673879 -0.00544274 -0.00416702 -0.0029786 -0.00193104 -0.00105444 -0.000361183 0.000157153 0.00052419 0.000752323 0.000870599 0.000901743 0.00086188 0.000771669 0.000635232 0.000453447 0.000237617 
0.000287759 0.000551476 0.000750384 0.000848103 0.000824574 0.000657913 0.000309529 -0.000243818 -0.00102088 -0.00204011 -0.00329654 -0.00476528 -0.00640285 -0.00814222 -0.0098983 -0.0115778 -0.0130965 -0.0143874 -0.0154133 -0.0161928 -0.0167747 -0.0172859 -0.0177763 -0.018321 -0.0189902 -0.019824 -0.0206966 -0.0216022 -0.0220865 -0.021255 -0.0593883 -0.0919741 -0.116376 -0.131103 -0.135417 -0.130033 -0.115444 -0.091968 -0.0597911 -0.0193597 -0.0198821 -0.0195597 -0.0187615 -0.0178137 -0.016803 -0.0157643 -0.0147095 -0.0136462 -0.0124111 -0.0110149 -0.00951145 -0.00796068 -0.00643114 -0.00498492 -0.00367857 -0.00255569 -0.00162679 -0.000886279 -0.000328559 7.08831e-05 0.00033034 0.000483196 0.000545072 0.000530563 0.000456177 0.000330127 0.000168048 
0.000202077 0.000395679 0.000514479 0.000524133 0.000392336 8.28804e-05 -0.000431365 -0.00117556 -0.00216442 -0.00339678 -0.00485269 -0.00647699 -0.00819591 -0.00990347 -0.0114862 -0.0128288 -0.0138443 -0.0145025 -0.0148314 -0.0149291 -0.01496 -0.0150685 -0.0154866 -0.0164779 -0.0183131 -0.0212385 -0.0253239 -0.0308127 -0.0374738 -0.0446903 -0.107748 -0.165162 -0.209662 -0.236345 -0.241016 -0.22668 -0.195757 -0.151221 -0.0960724 -0.0334279 -0.0290534 -0.0253456 -0.0222508 -0.0198807 -0.018079 -0.0166626 -0.0154693 -0.0143833 -0.0132456 -0.012002 -0.0106454 -0.0092018 -0.00771564 -0.00626383 -0.00490518 -0.00369273 -0.00264677 -0.00178357 -0.00109454 -0.000567668 -0.000190339 6.00508e-05 0.00020859 0.000267141 0.000256875 0.00019327 9.70515e-05 
0.00013134 0.000248424 0.000293331 0.000221226 -6.38979e-06 -0.0004244 -0.00105849 -0.00192592 -0.00303136 -0.00435431 -0.00584038 -0.00740879 -0.00894077 -0.0103001 -0.01135 -0.0119633 -0.0120648 -0.0116624 -0.0108731 -0.00989658 -0.00902673 -0.00842822 -0.00856038 -0.00992621 -0.0130633 -0.0185202 -0.0267424 -0.0384146 -0.0540173 -0.0739767 -0.159554 -0.241878 -0.307405 -0.346046 -0.3482 -0.320217 -0.26785 -0.198989 -0.122021 -0.0448414 -0.0328505 -0.0245525 -0.0189566 -0.0154911 -0.0134937 -0.0124098 -0.0118069 -0.011363 -0.0109284 -0.0103604 -0.00960913 -0.00866791 -0.00757399 -0.00641003 -0.00524838 -0.00415177 -0.00316456 -0.00230664 -0.0015984 -0.00103194 -0.000599299 -0.000288322 -8.24668e-05 3.55274e-05 7.78783e-05 6.30462e-05 2.30229e-05 
6.63857e-05 0.000125978 0.000111323 -2.32423e-05 -0.000311107 -0.000789594 -0.00147767 -0.00238936 -0.00350544 -0.00477888 -0.00613813 -0.00745726 -0.00859257 -0.00937187 -0.0096458 -0.00929115 -0.00825797 -0.00661074 -0.00454488 -0.00236493 -0.000482419 0.000884889 0.00106716 -0.000650428 -0.00502684 -0.0128485 -0.0248723 -0.0420918 -0.0657438 -0.0976017 -0.191169 -0.285764 -0.363212 -0.408485 -0.406238 -0.365351 -0.294589 -0.207605 -0.120163 -0.0471953 -0.0281425 -0.0160814 -0.008966 -0.00536885 -0.00405465 -0.00406764 -0.00469774 -0.00542211 -0.00610597 -0.00655642 -0.006697 -0.00651412 -0.00604822 -0.0053867 -0.00461645 -0.00381395 -0.00303922 -0.00233363 -0.00171901 -0.00121026 -0.000802808 -0.000494358 -0.000273133 -0.000130817 -5.81121e-05 -3.37457e-05 -2.6987e-05 
2.26684e-05 4.3728e-05 -7.0857e-06 -0.00017358 -0.000486827 -0.000977258 -0.00165931 -0.00253665 -0.0035738 -0.00470619 -0.0058335 -0.00680992 -0.00746759 -0.00762004 -0.00711208 -0.00583486 -0.00377675 -0.00105071 0.00207654 0.00521361 0.00786068 0.00971492 0.00998071 0.00784124 0.00248421 -0.00684881 -0.0208064 -0.0400548 -0.0656816 -0.0996995 -0.170082 -0.244505 -0.309675 -0.351316 -0.351236 -0.314358 -0.245995 -0.161613 -0.08382 -0.0360555 -0.0148974 -0.00229909 0.0042103 0.00660099 0.00644093 0.00491223 0.00286776 0.000918952 -0.000837449 -0.00221651 -0.00314978 -0.00364824 -0.00376853 -0.00360798 -0.00326441 -0.00282311 -0.00234389 -0.00187809 -0.00145236 -0.00107714 -0.000765987 -0.000519188 -0.000334899 -0.000205758 -0.000132378 -8.901e-05 -5.58383e-05 
1.36201e-06 -2.81181e-06 -7.03682e-05 -0.00023863 -0.00054043 -0.00100234 -0.00163348 -0.00242128 -0.00333113 -0.00428142 -0.00516587 -0.00582764 -0.00608604 -0.00576359 -0.00470565 -0.00283009 -0.000157668 0.00316443 0.00682946 0.0103979 0.0133301 0.0152359 0.0153227 0.0128167 0.00704895 -0.00241003 -0.0155758 -0.0318971 -0.0505082 -0.0705767 -0.0704515 -0.067082 -0.075176 -0.103066 -0.135798 -0.150503 -0.128446 -0.0788821 -0.0300435 -0.0138375 0.00232436 0.0112354 0.0147673 0.0148237 0.0128808 0.0100357 0.00704999 0.0044279 0.00222289 0.000537032 -0.000630657 -0.0013422 -0.00168679 -0.00177411 -0.00169767 -0.00152663 -0.00131566 -0.00109447 -0.000883109 -0.000690077 -0.000516889 -0.00037985 -0.000273538 -0.000188969 -0.000135468 -9.84515e-05 -6.05639e-05 
4.66224e-06 -6.72192e-06 -7.25869e-05 -0.000226527 -0.00049756 -0.000899758 -0.00144204 -0.00212049 -0.0028864 -0.00367035 -0.00436247 -0.00481683 -0.00486317 -0.00433355 -0.00309129 -0.00107652 0.00168145 0.00502411 0.00865125 0.0121375 0.0149839 0.0167891 0.016872 0.0146075 0.00955172 0.0016458 -0.00847352 -0.0189413 -0.0259307 -0.0219264 0.0810903 0.249991 0.410772 0.398966 0.218675 0.0590803 -0.00822676 -0.0100854 0.0095091 0.012035 0.0181492 0.0199283 0.0185725 0.0155585 0.0119235 0.00837614 0.00534042 0.00302418 0.00137004 0.00031063 -0.00026639 -0.000504171 -0.000529229 -0.00045104 -0.000349506 -0.000258989 -0.000197963 -0.000163784 -0.000147723 -0.000137284 -0.000130593 -0.000119889 -0.000107913 -9.99677e-05 -8.55608e-05 -7.09815e-05 -4.7991e-05 
2.32574e-05 1.6986e-05 -3.56943e-05 -0.000161204 -0.000376566 -0.000699653 -0.00114137 -0.00168994 -0.00231631 -0.00295678 -0.00352229 -0.00388356 -0.00389462 -0.00341352 -0.00231699 -0.000553287 0.00185168 0.00477184 0.00796301 0.0110911 0.0137739 0.0157417 0.016528 0.0157465 0.0131863 0.00896307 0.00370371 -0.00093509 -0.00143951 0.0102208 0.145096 0.491529 1.47387 1.49805 0.491055 0.149341 0.0421582 0.0224961 0.0320929 0.0411623 0.0324536 0.0239528 0.0160173 0.00933273 0.00416012 0.000526799 -0.00170899 -0.00279772 -0.00300299 -0.00261223 -0.00189239 -0.00107182 -0.000315868 0.000273304 0.00065662 0.000843233 0.00086729 0.000784047 0.000639717 0.000477475 0.000328996 0.000201332 0.000104083 4.23534e-05 2.72269e-06 -1.84023e-05 -1.70021e-05 
4.55363e-05 5.59198e-05 1.92856e-05 -6.67903e-05 -0.000216421 -0.000449261 -0.000764915 -0.0011699 -0.0016459 -0.00214306 -0.00260188 -0.00291834 -0.00298146 -0.00267273 -0.00189043 -0.000583328 0.00124309 0.00351956 0.00609123 0.00876237 0.0113068 0.0136748 0.015669 0.0171856 0.0182355 0.0189451 0.0193618 0.0193958 0.0176852 0.00902618 -0.122999 -0.461615 -1.43935 -1.46538 -0.464642 -0.126867 -0.0142416 0.0242704 0.0446687 0.0663368 0.0425439 0.0234854 0.0090844 -0.000864461 -0.00700453 -0.010103 -0.0109462 -0.0102841 -0.00860395 -0.00641903 -0.00413831 -0.00207125 -0.000396755 0.000801032 0.00153145 0.00185894 0.00187975 0.00170054 0.00141174 0.00109017 0.000784558 0.000527356 0.00032927 0.000179975 9.10707e-05 4.69528e-05 1.91452e-05 
6.45471e-05 7.87065e-05 6.63854e-05 2.49323e-05 -5.67906e-05 -0.000179255 -0.000361336 -0.000596675 -0.000886206 -0.00120899 -0.00151451 -0.00174026 -0.00180428 -0.00162121 -0.0011157 -0.000233378 0.00103578 0.0026772 0.00462423 0.00679719 0.00912284 0.0116965 0.0145534 0.0178172 0.0216778 0.0263202 0.031573 0.0368636 0.0401701 0.0366375 -0.060567 -0.22076 -0.377386 -0.368475 -0.195838 -0.0422369 0.0273963 0.0440006 0.0503022 0.0764023 0.0426872 0.0172723 -0.000441856 -0.0115076 -0.0172781 -0.0191147 -0.0182713 -0.0158572 -0.012465 -0.00875492 -0.00521954 -0.00220608 0.000115574 0.00169854 0.00260741 0.00295281 0.00289491 0.00257363 0.00212209 0.00163638 0.0011854 0.00080627 0.000504314 0.000297242 0.000162942 8.66341e-05 4.22606e-05 
6.6963e-05 7.79554e-05 7.47067e-05 6.88633e-05 5.87528e-05 4.14319e-05 1.5172e-05 -3.22505e-05 -0.000104441 -0.00018368 -0.000249869 -0.000263821 -0.000176584 6.7555e-05 0.000524224 0.00122801 0.00220013 0.00345636 0.00499151 0.00680464 0.00890924 0.0114288 0.0145475 0.0185305 0.0237179 0.0304896 0.03898 0.0493943 0.0616497 0.0754296 0.0883204 0.0953122 0.106691 0.130005 0.153015 0.15863 0.134002 0.0925008 0.0627912 0.0722831 0.0350966 0.00879483 -0.00834496 -0.0181528 -0.0223786 -0.0226396 -0.0203596 -0.0167698 -0.0124058 -0.00796251 -0.00393854 -0.000653946 0.00174457 0.00326996 0.00402451 0.00416843 0.00388609 0.00335237 0.00270774 0.00205856 0.00147172 0.000988379 0.000618348 0.000358262 0.00019903 0.000108745 5.06243e-05 
3.2245e-05 3.11482e-05 2.0996e-05 3.1735e-05 7.69748e-05 0.000156271 0.00026671 0.000410604 0.00057811 0.000782449 0.00103388 0.00135365 0.00177329 0.00231665 0.00302318 0.00390558 0.00497948 0.00627501 0.00781693 0.00963402 0.0117862 0.0143491 0.0175699 0.0217751 0.0274033 0.0350297 0.045159 0.0589034 0.0777658 0.104173 0.189219 0.273099 0.339644 0.374889 0.363287 0.314548 0.238679 0.154829 0.0871973 0.057796 0.0251779 0.00297119 -0.0107312 -0.0179084 -0.0202591 -0.0193006 -0.0163417 -0.012503 -0.00817841 -0.00399648 -0.000380354 0.00240371 0.00427448 0.00528094 0.00556575 0.0053052 0.00469241 0.00389946 0.00305746 0.00226568 0.00158019 0.00103052 0.000618313 0.000339056 0.000180915 9.20196e-05 4.82784e-05 
-1.73602e-05 -7.20129e-05 -0.000110514 -0.000108268 -4.20488e-05 9.40847e-05 0.000305102 0.000599374 0.00098012 0.0014521 0.00203032 0.00273215 0.00357229 0.00457244 0.00574469 0.0070941 0.00861883 0.0103472 0.0123109 0.0145337 0.0170869 0.019986 0.0234561 0.0277817 0.0333574 0.0407296 0.0503717 0.0635856 0.0818633 0.107298 0.214518 0.316396 0.393438 0.431459 0.417242 0.363093 0.281106 0.187911 0.101458 0.0374311 0.0154609 0.000720255 -0.00795832 -0.012022 -0.0127048 -0.0111343 -0.00829091 -0.00501713 -0.00156589 0.0015845 0.00412482 0.00588562 0.0068339 0.00706802 0.00673101 0.0060041 0.00505639 0.00403386 0.00305372 0.00217865 0.00145611 0.0009007 0.000494606 0.000235718 9.02096e-05 3.05861e-05 1.86963e-05 
-9.8396e-05 -0.000223985 -0.000318291 -0.000354403 -0.000312217 -0.000174015 7.16898e-05 0.000440175 0.000941663 0.00159411 0.00241151 0.00342003 0.00463106 0.0060635 0.00772284 0.00960031 0.0116879 0.0139955 0.0165408 0.0193212 0.0223717 0.0257284 0.0295022 0.0338424 0.0389644 0.0451698 0.0525692 0.0620669 0.0743122 0.0900238 0.184692 0.270334 0.333249 0.364435 0.355779 0.3157 0.251861 0.174071 0.0926319 0.0170349 0.00711258 0.000486026 -0.00308845 -0.00428721 -0.00373257 -0.00204991 0.000192451 0.00250689 0.00472622 0.00655351 0.00781088 0.00842111 0.00841575 0.00790232 0.00702652 0.00593949 0.00477794 0.00365546 0.00264 0.00178402 0.00110988 0.000603638 0.000257247 4.9006e-05 -5.07668e-05 -7.04595e-05 -3.42853e-05 
-0.000206346 -0.000421878 -0.00059444 -0.000699921 -0.000720798 -0.000635557 -0.000429494 -8.54813e-05 0.000418054 0.00110849 0.0020094 0.0031451 0.00454093 0.00621038 0.00816438 0.0103872 0.0128638 0.0155912 0.0185531 0.0217233 0.0250905 0.0287201 0.0325916 0.0366962 0.0410365 0.0456224 0.0501785 0.055076 0.0601754 0.0651197 0.132587 0.18999 0.230631 0.250647 0.246738 0.222891 0.18235 0.129049 0.0672785 0.00174676 0.000965679 0.000572456 0.000861102 0.00173396 0.00304473 0.00458205 0.00612786 0.00749907 0.00858212 0.00924481 0.00942522 0.00912932 0.00842583 0.00742763 0.00625755 0.00503185 0.0038498 0.00278157 0.00187129 0.00113931 0.000582104 0.000189814 -6.14613e-05 -0.000191138 -0.000224762 -0.00018339 -9.56806e-05 
-0.000320117 -0.000629726 -0.000890366 -0.00108414 -0.00119493 -0.00121265 -0.00111507 -0.000879723 -0.000487169 9.50127e-05 0.000897007 0.00195107 0.00328247 0.00491458 0.00685703 0.00910104 0.011625 0.0144118 0.0174233 0.0206048 0.0239028 0.0274082 0.0310032 0.0345639 0.0379428 0.0409547 0.0431322 0.0444649 0.0444568 0.0423752 0.0815001 0.112253 0.132747 0.142308 0.14066 0.128821 0.107436 0.0770981 0.0386072 -0.00646539 -0.00258324 0.000319654 0.00264514 0.00455086 0.00612755 0.00740016 0.00836582 0.00903382 0.00932099 0.00921732 0.00874176 0.00795165 0.00693544 0.00578945 0.0046133 0.00348695 0.00246962 0.00160343 0.000902748 0.000365348 -1.60974e-05 -0.000263978 -0.000396867 -0.000436416 -0.000400615 -0.000300725 -0.000160248 
-0.00042459 -0.000819938 -0.00116402 -0.00144707 -0.00166299 -0.00179915 -0.00184556 -0.00177609 -0.00157295 -0.00120417 -0.000634707 0.000161324 0.00122104 0.00256656 0.00421283 0.0061539 0.00837198 0.0108424 0.0135151 0.0163168 0.0191712 0.0221713 0.0251617 0.0279751 0.0304123 0.0322314 0.0329942 0.0325244 0.0303501 0.0258751 0.0427347 0.0543012 0.0609534 0.0633101 0.0623399 0.057629 0.0488004 0.0351587 0.016028 -0.00871325 -0.00390541 -0.000267333 0.00247587 0.00449806 0.00593583 0.00689076 0.00744412 0.00768347 0.00755132 0.00709802 0.00638748 0.00549584 0.00451148 0.0035069 0.00254822 0.00168814 0.000957562 0.000367548 -7.90582e-05 -0.000387245 -0.000582101 -0.000681168 -0.000697672 -0.00065455 -0.000552925 -0.000401833 -0.000213192 
-0.000507189 -0.000965783 -0.00137149 -0.00172926 -0.00203974 -0.00229293 -0.00247845 -0.00259061 -0.00260231 -0.00249035 -0.0022221 -0.00176634 -0.00109343 -0.000178832 0.000995975 0.00242692 0.00410405 0.00600578 0.00807882 0.0102491 0.012439 0.0147214 0.0169548 0.0189881 0.0206481 0.0217353 0.0219689 0.021154 0.0190088 0.0152385 0.0180255 0.018523 0.0176936 0.0163135 0.0154836 0.014365 0.0123998 0.00871036 0.00230693 -0.00758486 -0.00388378 -0.000993093 0.00119725 0.00277841 0.00384148 0.00447339 0.00475684 0.00478226 0.00451336 0.00401983 0.00336959 0.0026412 0.00189475 0.00118452 0.000552433 2.02166e-05 -0.00039427 -0.00069631 -0.000890224 -0.000995616 -0.00102719 -0.000992674 -0.000912327 -0.000797461 -0.000648983 -0.000467619 -0.000249699 
-0.00055623 -0.0010486 -0.00149111 -0.00189643 -0.00226813 -0.00261194 -0.00292166 -0.00318559 -0.00339365 -0.00351879 -0.00353747 -0.0034235 -0.00314812 -0.00268783 -0.00202575 -0.00115989 -9.30688e-05 0.0011597 0.00255138 0.00402302 0.00551187 0.00705781 0.00856001 0.00991313 0.0110043 0.0117121 0.011933 0.0115105 0.0103442 0.00837599 0.00426039 -2.75897e-05 -0.00371053 -0.00629112 -0.00698604 -0.00657838 -0.00550249 -0.0044157 -0.00412655 -0.00546029 -0.00338742 -0.0016902 -0.000363119 0.000601623 0.00123644 0.00158589 0.00170172 0.00164464 0.00139915 0.00102526 0.000578232 0.000114247 -0.000322894 -0.000707705 -0.00101688 -0.00124046 -0.0013825 -0.00145024 -0.00144669 -0.00139172 -0.00129457 -0.00116809 -0.00102456 -0.000861136 -0.000685008 -0.00049173 -0.000267995 
-0.000566815 -0.00106069 -0.00151286 -0.00193657 -0.00234245 -0.00273864 -0.00312548 -0.00349719 -0.00384461 -0.00415058 -0.00439322 -0.00455049 -0.0046054 -0.00452944 -0.00431179 -0.00394443 -0.00342605 -0.00276147 -0.00198068 -0.00113119 -0.000249302 0.000671771 0.00157579 0.00240523 0.00310512 0.00362335 0.00398529 0.00407596 0.00389962 0.00350695 -0.00262527 -0.00782877 -0.0117039 -0.0140733 -0.0145212 -0.0136222 -0.0116428 -0.00896875 -0.00611281 -0.00369676 -0.00293465 -0.00225004 -0.00167243 -0.00124034 -0.000958672 -0.000817151 -0.000794859 -0.000864924 -0.00102337 -0.00123604 -0.00146208 -0.00167158 -0.00183695 -0.00195283 -0.00200883 -0.00200608 -0.00195325 -0.00184972 -0.0017176 -0.00156513 -0.00139539 -0.00122068 -0.0010418 -0.000859637 -0.000674482 -0.000482135 -0.000260287 
-0.000539719 -0.00101617 -0.00144606 -0.00185343 -0.00226009 -0.00267148 -0.00308945 -0.00351744 -0.0039427 -0.00435231 -0.0047334 -0.00507463 -0.00534885 -0.00554601 -0.00564966 -0.0056486 -0.00553977 -0.00531937 -0.00500579 -0.00462721 -0.00420406 -0.00374249 -0.00326967 -0.00280901 -0.00237616 -0.00198028 -0.0015317 -0.00111679 -0.000696123 -0.000199988 -0.00573086 -0.00999542 -0.0129148 -0.014528 -0.0146804 -0.0137386 -0.0118406 -0.00916979 -0.00598973 -0.00267226 -0.00266953 -0.00260591 -0.00250575 -0.00241913 -0.00236414 -0.00234789 -0.00236811 -0.00241673 -0.00248513 -0.00255785 -0.00261148 -0.00263186 -0.00261102 -0.00254658 -0.00244181 -0.00229932 -0.00213104 -0.00194722 -0.00175238 -0.00155286 -0.00136259 -0.0011726 -0.000984712 -0.000807438 -0.000634697 -0.000446456 -0.000236565 
-0.000492321 -0.000914285 -0.00130405 -0.00168108 -0.0020598 -0.00245189 -0.00286396 -0.0032948 -0.00373788 -0.00418618 -0.00462678 -0.00504993 -0.00544464 -0.00579363 -0.00608435 -0.0063088 -0.00645643 -0.00652208 -0.00651006 -0.00643403 -0.00629532 -0.00612774 -0.00593349 -0.00571541 -0.00546906 -0.0051846 -0.00475964 -0.00426167 -0.00365419 -0.0028891 -0.00677983 -0.00953702 -0.0112591 -0.0120772 -0.0119762 -0.0111604 -0.00968923 -0.00762732 -0.00507716 -0.00221123 -0.00251094 -0.00271669 -0.00283764 -0.00291598 -0.00296867 -0.00300722 -0.0030374 -0.00306313 -0.0030685 -0.00304708 -0.00299521 -0.00290552 -0.00278316 -0.00262463 -0.00244541 -0.00224766 -0.00203719 -0.00182581 -0.00161434 -0.00141346 -0.00122433 -0.00104607 -0.000880967 -0.000726143 -0.000567058 -0.000398091 -0.000214435 
-0.000423198 -0.000787163 -0.00111969 -0.00144918 -0.00178421 -0.00213667 -0.00251109 -0.00290979 -0.00332308 -0.00374826 -0.00418674 -0.00462661 -0.00505328 -0.00545654 -0.00582505 -0.00615414 -0.00642911 -0.0066444 -0.00679517 -0.00688896 -0.00691475 -0.00691647 -0.00688633 -0.00681862 -0.0067025 -0.00652419 -0.0061974 -0.00577384 -0.00523052 -0.00454318 -0.00677281 -0.00817251 -0.00890853 -0.00912316 -0.00885474 -0.00819885 -0.007172 -0.00578105 -0.00404425 -0.00201394 -0.00234912 -0.00260614 -0.00278241 -0.00290566 -0.00298655 -0.00303441 -0.00305616 -0.00305838 -0.00302471 -0.00295982 -0.00285705 -0.00272445 -0.00256418 -0.00238548 -0.00219041 -0.00198697 -0.00178208 -0.00157969 -0.00138638 -0.00120448 -0.00103589 -0.000885537 -0.000749209 -0.000615874 -0.000482709 -0.000341924 -0.000184577 
-0.00035959 -0.000660824 -0.000935161 -0.00120337 -0.00148524 -0.00178056 -0.00209624 -0.00243172 -0.00279101 -0.00317037 -0.00356397 -0.0039638 -0.00436551 -0.00475594 -0.00512972 -0.00547519 -0.00578669 -0.00605215 -0.00627015 -0.00643806 -0.00654524 -0.00663124 -0.00668656 -0.00670417 -0.00667397 -0.00658495 -0.00637693 -0.0060861 -0.00570093 -0.0052122 -0.0061622 -0.00660057 -0.00668838 -0.0065382 -0.00619571 -0.00568986 -0.00501662 -0.00416114 -0.00310776 -0.00185053 -0.00211298 -0.00232347 -0.00247546 -0.00258363 -0.00265292 -0.00268895 -0.00269667 -0.002682 -0.0026329 -0.00255298 -0.00244343 -0.00231019 -0.0021548 -0.00198548 -0.00181314 -0.00163363 -0.00145564 -0.00128317 -0.00111996 -0.000970474 -0.000841309 -0.00072452 -0.000614026 -0.000505517 -0.000399265 -0.000286248 -0.000155025 
-0.000299578 -0.00054725 -0.000769702 -0.000981804 -0.00119625 -0.0014285 -0.00167978 -0.00194717 -0.00223623 -0.00254743 -0.00287258 -0.00321086 -0.00355367 -0.00389343 -0.00422642 -0.00454137 -0.00483416 -0.00509434 -0.00531734 -0.00550218 -0.0056363 -0.00575333 -0.00584406 -0.00590273 -0.00592241 -0.00589638 -0.00578956 -0.00562359 -0.00539366 -0.00509737 -0.00522719 -0.00510422 -0.00484933 -0.00453319 -0.00419021 -0.00381238 -0.0033875 -0.00289692 -0.00231838 -0.00162741 -0.00179853 -0.00193887 -0.00204345 -0.00211783 -0.0021634 -0.00218268 -0.00217869 -0.00215578 -0.00210356 -0.00202905 -0.00192965 -0.00181363 -0.0016836 -0.00154731 -0.00140679 -0.00126415 -0.00112465 -0.00099027 -0.000864462 -0.000757726 -0.000657709 -0.00056408 -0.000481902 -0.000401093 -0.000313376 -0.00022249 -0.000122461 
-0.000241953 -0.000444382 -0.000620655 -0.000777479 -0.000939114 -0.00111192 -0.00129883 -0.00150207 -0.00172524 -0.00196418 -0.00221868 -0.00248501 -0.00275642 -0.00303101 -0.00330043 -0.00356034 -0.00380679 -0.00402973 -0.00422744 -0.0043969 -0.00452913 -0.00464641 -0.00474268 -0.00481398 -0.00485624 -0.00486622 -0.00482818 -0.00475189 -0.00463585 -0.00447988 -0.00417578 -0.00379683 -0.00341594 -0.00306626 -0.00276754 -0.00249444 -0.00223271 -0.00196671 -0.00167876 -0.00134617 -0.00144337 -0.00152365 -0.00158514 -0.00162799 -0.00165187 -0.00165718 -0.00164556 -0.00162041 -0.00157211 -0.00151296 -0.00143454 -0.00134576 -0.00124541 -0.00114308 -0.00103834 -0.000936805 -0.000838441 -0.000744437 -0.000657784 -0.000576462 -0.000495266 -0.00042068 -0.000355428 -0.000294049 -0.000230158 -0.000160782 -8.58985e-05 
-0.00018821 -0.000343158 -0.000477372 -0.00060412 -0.000725803 -0.000849392 -0.000978964 -0.00111975 -0.00127989 -0.0014559 -0.00164597 -0.00184341 -0.0020455 -0.00225291 -0.00245928 -0.0026612 -0.0028515 -0.00303102 -0.00318932 -0.00333171 -0.00344424 -0.00354571 -0.00363134 -0.00369859 -0.00374537 -0.00377044 -0.00377077 -0.00374777 -0.00370133 -0.00363152 -0.00316226 -0.00272127 -0.00234132 -0.00202924 -0.00179323 -0.00160309 -0.00144539 -0.00130841 -0.00118052 -0.0010459 -0.00109521 -0.00113511 -0.00116656 -0.00118707 -0.00119595 -0.00119301 -0.00117847 -0.00115414 -0.00111814 -0.00107219 -0.00101589 -0.000953319 -0.000882704 -0.000813805 -0.000746037 -0.00068045 -0.000613835 -0.000546069 -0.000479543 -0.00041077 -0.000348377 -0.000290955 -0.000238373 -0.000193467 -0.000157444 -0.000119343 -6.68242e-05 
-0.000134619 -0.000246 -0.000349594 -0.000449188 -0.000539841 -0.000628414 -0.000724433 -0.000825116 -0.000933571 -0.00105535 -0.00118434 -0.00132124 -0.00146757 -0.00161697 -0.00175986 -0.00190653 -0.00204886 -0.00217911 -0.00229899 -0.00240597 -0.00249739 -0.00257843 -0.00264725 -0.00270277 -0.00274412 -0.0027712 -0.00278811 -0.00279145 -0.00278164 -0.00275877 -0.00228258 -0.00188137 -0.00156088 -0.00131318 -0.00113975 -0.00101274 -0.000920834 -0.00085504 -0.000808269 -0.000772989 -0.000792452 -0.000807806 -0.000821024 -0.000828419 -0.000829326 -0.000823412 -0.000810158 -0.000789731 -0.000762972 -0.000732266 -0.000701831 -0.00065938 -0.000619373 -0.000572871 -0.000523874 -0.000476378 -0.000423901 -0.000370424 -0.000319317 -0.000272058 -0.000229687 -0.000190143 -0.000156171 -0.000127141 -0.00010262 -7.91889e-05 -4.89506e-05 
-9.72478e-05 -0.000178702 -0.000246866 -0.000305391 -0.000363674 -0.000429873 -0.00050696 -0.00059022 -0.000668839 -0.000752905 -0.000843764 -0.000935095 -0.00102362 -0.00112295 -0.00122007 -0.00131873 -0.00141908 -0.00150848 -0.0015926 -0.00167131 -0.00173756 -0.00179735 -0.00184846 -0.00189001 -0.00192195 -0.0019448 -0.00196574 -0.00197909 -0.00198564 -0.00198602 -0.00157741 -0.00125525 -0.00100995 -0.000827666 -0.000706762 -0.000624768 -0.000573284 -0.000545911 -0.000537675 -0.000544889 -0.00054948 -0.00055261 -0.000556374 -0.000557141 -0.000554613 -0.00054877 -0.000539829 -0.000528087 -0.000514235 -0.000494219 -0.000471088 -0.000448371 -0.000419484 -0.000382612 -0.000347883 -0.00030968 -0.000267977 -0.000233065 -0.000201874 -0.000171656 -0.000144782 -0.000118227 -9.35432e-05 -6.91678e-05 -4.73676e-05 -2.85902e-05 -1.46188e-05 
-7.50735e-05 -0.000130449 -0.000166799 -0.00019966 -0.000235649 -0.000278745 -0.000329716 -0.000389108 -0.00045352 -0.000517607 -0.000577415 -0.000645111 -0.000710376 -0.000774162 -0.000833715 -0.000892205 -0.000956853 -0.00101531 -0.0010689 -0.00112026 -0.00116774 -0.0012099 -0.00124528 -0.00127376 -0.00129602 -0.00131287 -0.00133184 -0.00134672 -0.00135811 -0.0013665 -0.00105181 -0.000813239 -0.000637115 -0.000509379 -0.000427328 -0.000374621 -0.000345981 -0.000337696 -0.000346251 -0.000367958 -0.000367614 -0.000366048 -0.000365673 -0.000363774 -0.000360135 -0.000354616 -0.000347522 -0.000339976 -0.000328308 -0.00031725 -0.000301167 -0.000280246 -0.000260782 -0.000240653 -0.000209897 -0.000183135 -0.000154219 -0.000131887 -0.000109624 -8.84494e-05 -6.60341e-05 -4.6068e-05 -3.04375e-05 -1.65226e-05 -7.19127e-06 -1.96063e-06 0 
-3.97986e-05 -6.7763e-05 -9.26476e-05 -0.000120608 -0.00015057 -0.00018128 -0.000212236 -0.000246122 -0.000287049 -0.000331719 -0.000379404 -0.000426186 -0.000467991 -0.000515121 -0.000554485 -0.0006007 -0.000638372 -0.000669406 -0.000698642 -0.000732756 -0.000763166 -0.000789828 -0.000811988 -0.000830109 -0.000844668 -0.00085616 -0.000871155 -0.000884196 -0.000895939 -0.000907177 -0.000677778 -0.000509997 -0.000388535 -0.000301131 -0.000245804 -0.00021144 -0.000195194 -0.00019559 -0.000211053 -0.000238531 -0.000236018 -0.000232817 -0.000230994 -0.0002286 -0.000225515 -0.000221553 -0.000216318 -0.000209913 -0.000201617 -0.000190979 -0.000178017 -0.00016584 -0.000150553 -0.000128552 -0.000110777 -8.95573e-05 -6.89429e-05 -5.21451e-05 -3.9359e-05 -2.50997e-05 -1.46316e-05 -6.88787e-06 -2.01133e-06 0 0 0 0 
-6.34071e-06 -1.51866e-05 -2.76265e-05 -4.61405e-05 -6.77463e-05 -9.31463e-05 -0.000118531 -0.000143566 -0.000168551 -0.000196001 -0.000226264 -0.000259449 -0.000291134 -0.000327121 -0.000356559 -0.000386406 -0.000415105 -0.000432373 -0.000454087 -0.000471612 -0.000487081 -0.000501859 -0.000514833 -0.000525887 -0.000534981 -0.000542262 -0.000552928 -0.000562704 -0.000572051 -0.000581534 -0.000423693 -0.000309559 -0.000227314 -0.000168249 -0.000131152 -0.000108418 -9.85809e-05 -0.000101588 -0.000117229 -0.00014489 -0.000141774 -0.000138981 -0.000137507 -0.000135617 -0.000133403 -0.000130869 -0.000127637 -0.000124118 -0.00011829 -0.000113379 -0.000102679 -8.52408e-05 -6.618e-05 -4.90617e-05 -3.74643e-05 -2.693e-05 -1.61427e-05 -7.74965e-06 -4.62936e-06 -1.63842e-06 0 0 0 0 0 0 0 
0 0 -1.79106e-06 -6.26656e-06 -1.37745e-05 -2.44186e-05 -3.93715e-05 -5.51838e-05 -7.43387e-05 -9.48351e-05 -0.000116877 -0.000137422 -0.000160062 -0.000187542 -0.000213234 -0.00023595 -0.000252576 -0.00026859 -0.000282696 -0.000293046 -0.000302386 -0.000311676 -0.000319728 -0.000326294 -0.000331549 -0.000335698 -0.000342406 -0.000348762 -0.000355255 -0.000362356 -0.000256073 -0.000179994 -0.000125679 -8.71354e-05 -6.26315e-05 -4.69956e-05 -4.03676e-05 -4.29527e-05 -5.62504e-05 -8.00009e-05 -7.82216e-05 -7.58121e-05 -7.44142e-05 -7.32256e-05 -7.21585e-05 -7.09598e-05 -6.93231e-05 -6.63281e-05 -6.37513e-05 -5.44778e-05 -4.06854e-05 -2.66366e-05 -1.52473e-05 -7.3246e-06 -4.98833e-06 -1.75104e-06 0 0 0 0 0 0 0 0 0 0 0 
0 0 0 0 0 -1.52116e-06 -4.4517e-06 -8.04774e-06 -1.66268e-05 -2.73218e-05 -3.99094e-05 -5.37427e-05 -6.81076e-05 -8.61894e-05 -0.000103211 -0.00012405 -0.000142386 -0.000155165 -0.000165081 -0.000175998 -0.000182274 -0.000187985 -0.000192784 -0.000196618 -0.000199561 -0.000201802 -0.000205826 -0.000209587 -0.000213621 -0.000218881 -0.000147559 -9.80365e-05 -6.34394e-05 -3.9264e-05 -2.46e-05 -1.47081e-05 -9.62537e-06 -1.05686e-05 -1.97236e-05 -3.8694e-05 -3.59214e-05 -3.43434e-05 -3.42988e-05 -3.42941e-05 -3.38954e-05 -3.25345e-05 -3.01999e-05 -2.82557e-05 -2.12513e-05 -1.28794e-05 -6.05094e-06 -1.76576e-06 0 0 0 0 0 0 0 0 0 0 0 0 0 0 0 
0 0 0 0 0 0 0 0 0 -1.78005e-06 -5.26343e-06 -7.80864e-06 -1.54719e-05 -2.38416e-05 -3.25257e-05 -4.58554e-05 -6.29738e-05 -7.94399e-05 -9.19822e-05 -9.98951e-05 -0.000103204 -0.00010681 -0.000109722 -0.000111848 -0.000113311 -0.000114457 -0.000116975 -0.000119125 -0.000121157 -0.0001239 -7.89165e-05 -4.76917e-05 -2.69658e-05 -1.29096e-05 -4.52042e-06 -1.17776e-06 0 0 -1.64331e-06 -9.29781e-06 -9.34025e-06 -9.81107e-06 -1.09704e-05 -1.1573e-05 -1.12295e-05 -1.01103e-05 -7.87549e-06 -4.35366e-06 -1.42243e-06 0 0 0 0 0 0 0 0 0 0 0 0 0 0 0 0 0 0 
0 0 0 0 0 0 0 0 0 0 0 0 0 -1.50889e-06 -2.06837e-06 -6.70581e-06 -1.4436e-05 -2.45417e-05 -3.63511e-05 -4.63812e-05 -4.93502e-05 -5.34073e-05 -5.66552e-05 -5.8601e-05 -5.93642e-05 -5.94777e-05 -6.04974e-05 -6.16682e-05 -6.30878e-05 -6.48326e-05 -3.66523e-05 -1.84648e-05 -7.42265e-06 -1.22935e-06 0 0 0 0 0 0 0 0 0 -1.03474e-06 0 0 0 0 0 0 0 0 0 0 0 0 0 0 0 0 0 0 0 0 0 0 0 
0 0 0 0 0 0 0 0 0 0 0 0 0 0 0 0 0 -1.61898e-06 -5.41202e-06 -1.10282e-05 -1.69632e-05 -2.16662e-05 -2.47554e-05 -2.64599e-05 -2.6958e-05 -2.64954e-05 -2.63467e-05 -2.63103e-05 -2.67885e-05 -2.89489e-05 -1.16996e-05 -3.33926e-06 0 0 0 0 0 0 0 0 0 0 0 0 0 0 0 0 0 0 0 0 0 0 0 0 0 0 0 0 0 0 0 0 0 0 0 
0 0 0 0 0 0 0 0 0 0 0 0 0 0 0 0 0 0 0 0 -1.99399e-06 -4.58847e-06 -6.40284e-06 -7.42154e-06 -7.64295e-06 -7.22833e-06 -7.10662e-06 -6.42707e-06 -5.38919e-06 -4.79455e-06 0 0 0 0 0 0 0 0 0 0 0 0 0 0 0 0 0 0 0 0 0 0 0 0 0 0 0 0 0 0 0 0 0 0 0 0 0 
0 0 0 0 0 0 0 0 0 0 0 0 0 0 0 0 0 0 0 0 0 0 0 0 0 0 0 0 0 0 0 0 0 0 0 0 0 0 0 0 0 0 0 0 0 0 0 0 0 0 0 0 0 0 0 0 0 0 0 0 0 0 0 0 0 0 0 
0 0 0 0 0 0 0 0 0 0 0 0 0 0 0 0 0 0 0 0 0 0 0 0 0 0 0 0 0 0 0 0 0 0 0 0 0 0 0 0 0 0 0 0 0 0 0 0 0 0 0 0 0 0 0 0 0 0 0 0 0 0 0 0 0 0 0 
0 0 0 0 0 0 0 0 0 0 0 0 0 0 0 0 0 0 0 0 0 0 0 0 0 0 0 0 0 0 0 0 0 0 0 0 0 0 0 0 0 0 0 0 0 0 0 0 0 0 0 0 0 0 0 0 0 0 0 0 0 0 0 0 0 0 0 
0 0 0 0 0 0 0 0 0 0 0 0 0 0 0 0 0 0 0 0 0 0 0 0 0 0 0 0 0 0 0 0 0 0 0 0 0 0 0 0 0 0 0 0 0 0 0 0 0 0 0 0 0 0 0 0 0 0 0 0 0 0 0 0 0 0 0 
0 0 0 0 0 0 0 0 0 0 0 0 0 0 0 0 0 0 0 0 0 0 0 0 0 0 0 0 0 0 0 0 0 0 0 0 0 0 0 0 0 0 0 0 0 0 0 0 0 0 0 0 0 0 0 0 0 0 0 0 0 0 0 0 0 0 0 
0 0 0 0 0 0 0 0 0 0 0 0 0 0 0 0 0 0 0 0 0 0 0 0 0 0 0 0 0 0 0 0 0 0 0 0 0 0 0 0 0 0 0 0 0 0 0 0 0 0 0 0 0 0 0 0 0 0 0 0 0 0 0 0 0 0 0 
0 0 0 0 0 0 0 0 0 0 0 0 0 0 0 0 0 0 0 0 0 0 0 0 0 0 0 0 0 0 0 0 0 0 0 0 0 0 0 0 0 0 0 0 0 0 0 0 0 0 0 0 0 0 0 0 0 0 0 0 0 0 0 0 0 0 0 
0 0 0 0 0 0 0 0 0 0 0 0 0 0 0 0 0 0 0 0 0 0 0 0 0 0 0 0 0 0 0 0 0 0 0 0 0 0 0 0 0 0 0 0 0 0 0 0 0 0 0 0 0 0 0 0 0 0 0 0 0 0 0 0 0 0 0 
0 0 0 0 0 0 0 0 0 0 0 0 0 0 0 0 0 0 0 0 0 0 0 0 0 0 0 0 0 0 0 0 0 0 0 0 0 0 0 0 0 0 0 0 0 0 0 0 0 0 0 0 0 0 0 0 0 0 0 0 0 0 0 0 0 0 0 
0 0 0 0 0 0 0 0 0 0 0 0 0 0 0 0 0 0 0 0 0 0 0 0 0 0 0 0 0 0 0 0 0 0 0 0 0 0 0 0 0 0 0 0 0 0 0 0 0 0 0 0 0 0 0 0 0 0 0 0 0 0 0 0 0 0 0 
0 0 0 0 0 0 0 0 0 0 0 0 0 0 0 0 0 0 0 0 0 0 0 0 0 0 0 0 0 0 0 0 0 0 0 0 0 0 0 0 0 0 0 0 0 0 0 0 0 0 0 0 0 0 0 0 0 0 0 0 0 0 0 0 0 0 0 
0 0 0 0 0 0 0 0 0 0 0 0 0 0 0 0 0 0 0 0 0 0 0 0 0 0 0 0 0 0 0 0 0 0 0 0 0 0 0 0 0 0 0 0 0 0 0 0 0 0 0 0 0 0 0 0 0 0 0 0 0 0 0 0 0 0 0 
0 0 0 0 0 0 0 0 0 0 0 0 0 0 0 0 0 0 0 0 0 0 0 0 0 0 0 0 0 0 0 0 0 0 0 0 0 0 0 0 0 0 0 0 0 0 0 0 0 0 0 0 0 0 0 0 0 0 0 0 0 0 0 0 0 0 0 
0 0 0 0 0 0 0 0 0 0 0 0 0 0 0 0 0 0 0 0 0 0 0 0 0 0 0 0 0 0 0 0 0 0 0 0 0 0 0 0 0 0 0 0 0 0 0 0 0 0 0 0 0 0 0 0 0 0 0 0 0 0 0 0 0 0 0 
0 0 0 0 0 0 0 0 0 0 0 0 0 0 0 0 0 0 0 0 0 0 0 0 0 0 0 0 0 0 0 0 0 0 0 0 0 0 0 0 0 0 0 0 0 0 0 0 0 0 0 0 0 0 0 0 0 0 0 0 0 0 0 0 0 0 0 
0 0 0 0 0 0 0 0 0 0 0 0 0 0 0 0 0 0 0 0 0 0 0 0 0 0 0 0 0 0 0 0 0 0 0 0 0 0 0 0 0 0 0 0 0 0 0 0 0 0 0 0 0 0 0 0 0 0 0 0 0 0 0 0 0 0 0 
0 0 0 0 0 0 0 0 0 0 0 0 0 0 0 0 0 0 0 0 0 0 0 0 0 0 0 0 0 0 0 0 0 0 0 0 0 0 0 0 0 0 0 0 0 0 0 0 0 0 0 0 0 0 0 0 0 0 0 0 0 0 0 0 0 0 0 
0 0 0 0 0 0 0 0 0 0 0 0 0 0 0 0 0 0 0 0 0 0 0 0 0 0 0 0 0 0 0 0 0 0 0 0 0 0 0 0 0 0 0 0 0 0 0 0 0 0 0 0 0 0 0 0 0 0 0 0 0 0 0 0 0 0 0 
0 0 0 0 0 0 0 0 0 0 0 0 0 0 0 0 0 0 0 0 0 0 0 0 0 0 0 0 0 0 0 0 0 0 0 0 0 0 0 0 0 0 0 0 0 0 0 0 0 0 0 0 0 0 0 0 0 0 0 0 0 0 0 0 0 0 0 
0 0 0 0 0 0 0 0 0 0 0 0 0 0 0 0 0 0 0 0 0 0 0 0 0 0 0 0 0 0 0 0 0 0 0 0 0 0 0 0 0 0 0 0 0 0 0 0 0 0 0 0 0 0 0 0 0 0 0 0 0 0 0 0 0 0 0 
0 0 0 0 0 0 0 0 0 0 0 0 0 0 0 0 0 0 0 0 0 0 0 0 0 0 0 0 0 0 0 0 0 0 0 0 0 0 0 0 0 0 0 0 0 0 0 0 0 0 0 0 0 0 0 0 0 0 0 0 0 0 0 0 0 0 0 
0 0 0 0 0 0 0 0 0 0 0 0 0 0 0 0 0 0 0 0 0 0 0 0 0 0 0 0 0 0 0 0 0 0 0 0 0 0 0 0 0 0 0 0 0 0 0 0 0 0 0 0 0 0 0 0 0 0 0 0 0 0 0 0 0 0 0 
0 0 0 0 0 0 0 0 0 0 0 0 0 0 0 0 0 0 0 0 0 0 0 0 0 0 0 0 0 0 0 0 0 0 0 0 0 0 0 0 0 0 0 0 0 0 0 0 0 0 0 0 0 0 0 0 0 0 0 0 0 0 0 0 0 0 0 
0 0 0 0 0 0 0 0 0 0 0 0 0 0 0 0 0 0 0 0 0 0 0 0 0 0 0 0 0 0 0 0 0 0 0 0 0 0 0 0 0 0 0 0 0 0 0 0 0 0 0 0 0 0 0 0 0 0 0 0 0 0 0 0 0 0 0 
0 0 0 0 0 0 0 0 0 0 0 0 0 0 0 0 0 0 0 0 0 0 0 0 0 0 0 0 0 0 0 0 0 0 0 0 0 0 0 0 0 0 0 0 0 0 0 0 0 0 0 0 0 0 0 0 0 0 0 0 0 0 0 0 0 0 0 
0 0 0 0 0 0 0 0 0 0 0 0 0 0 0 0 0 0 0 0 0 0 0 0 0 0 0 0 0 0 0 0 0 0 0 0 0 0 0 0 0 0 0 0 0 0 0 0 0 0 0 0 0 0 0 0 0 0 0 0 0 0 0 0 0 0 0 
0 0 0 0 0 0 0 0 0 0 0 0 0 0 0 0 0 0 0 0 0 0 0 0 0 0 0 0 0 0 0 0 0 0 0 0 0 0 0 0 0 0 0 0 0 0 0 0 0 0 0 0 0 0 0 0 0 0 0 0 0 0 0 0 0 0 0 
0 0 0 0 0 0 0 0 0 0 0 0 0 0 0 0 0 0 0 0 0 0 0 0 0 0 0 0 0 0 0 0 0 0 0 0 0 0 0 0 0 0 0 0 0 0 0 0 0 0 0 0 0 0 0 0 0 0 0 0 0 0 0 0 0 0 0 
0 0 0 0 0 0 0 0 0 0 0 0 0 0 0 0 0 0 0 0 0 0 0 0 0 0 0 0 0 0 0 0 0 0 0 0 0 0 0 0 0 0 0 0 0 0 0 0 0 0 0 0 0 0 0 0 0 0 0 0 0 0 0 0 0 0 0 
0 0 0 0 0 0 0 0 0 0 0 0 0 0 0 0 0 0 0 0 0 0 0 0 0 0 0 0 0 0 0 0 0 0 0 0 0 0 0 0 0 0 0 0 0 0 0 0 0 0 0 0 0 0 0 0 0 0 0 0 0 0 0 0 0 0 0 
0 0 0 0 0 0 0 0 0 0 0 0 0 0 0 0 0 0 0 0 0 0 0 0 0 0 0 0 0 0 0 0 0 0 0 0 0 0 0 0 0 0 0 0 0 0 0 0 0 0 0 0 0 0 0 0 0 0 0 0 0 0 0 0 0 0 0 
0 0 0 0 0 0 0 0 0 0 0 0 0 0 0 0 0 0 0 0 0 0 0 0 0 0 0 0 0 0 0 0 0 0 0 0 0 0 0 0 0 0 0 0 0 0 0 0 0 0 0 0 0 0 0 0 0 0 0 0 0 0 0 0 0 0 0 
0 0 0 0 0 0 0 0 0 0 0 0 0 0 0 0 0 0 0 0 0 0 0 0 0 0 0 0 0 0 0 0 0 0 0 0 0 0 0 0 0 0 0 0 0 0 0 0 0 0 0 0 0 0 0 0 0 0 0 0 0 0 0 0 0 0 0 
0 0 0 0 0 0 0 0 0 0 0 0 0 0 0 0 0 0 0 0 0 0 0 0 0 0 0 0 0 0 0 0 0 0 0 0 0 0 0 0 0 0 0 0 0 0 0 0 0 0 0 0 0 0 0 0 0 0 0 0 0 0 0 0 0 0 0 
0 0 0 0 0 0 0 0 0 0 0 0 0 0 0 0 0 0 0 0 0 0 0 0 0 0 0 0 0 0 0 0 0 0 0 0 0 0 0 0 0 0 0 0 0 0 0 0 0 0 0 0 0 0 0 0 0 0 0 0 0 0 0 0 0 0 0 
0 0 0 0 0 0 0 0 0 0 0 0 0 0 0 0 0 0 0 0 0 0 0 0 0 0 0 0 0 0 0 0 0 0 0 0 0 0 0 0 0 0 0 0 0 0 0 0 0 0 0 0 0 0 0 0 0 0 0 0 0 0 0 0 0 0 0 
0 0 0 0 0 0 0 0 0 0 0 0 0 0 0 0 0 0 0 0 0 0 0 0 0 0 0 0 0 0 0 0 0 0 0 0 0 0 0 0 0 0 0 0 0 0 0 0 0 0 0 0 0 0 0 0 0 0 0 0 0 0 0 0 0 0 0 
0 0 0 0 0 0 0 0 0 0 0 0 0 0 0 0 0 0 0 0 0 0 0 0 0 0 0 0 0 0 0 0 0 0 0 0 0 0 0 0 0 0 0 0 0 0 0 0 0 0 0 0 0 0 0 0 0 0 0 0 0 0 0 0 0 0 0 
0 0 0 0 0 0 0 0 0 0 0 0 0 0 0 0 0 0 0 0 0 0 0 0 0 0 0 0 0 0 0 0 0 0 0 0 0 0 0 0 0 0 0 0 0 0 0 0 0 0 0 0 0 0 0 0 0 0 0 0 0 0 0 0 0 0 0 
0 0 0 0 0 0 0 0 0 0 0 0 0 0 0 0 0 0 0 0 0 0 0 0 0 0 0 0 0 0 0 0 0 0 0 0 0 0 0 0 0 0 0 0 0 0 0 0 0 0 0 0 0 0 0 0 0 0 0 0 0 0 0 0 0 0 0 
0 0 0 0 0 0 0 0 0 0 0 0 0 0 0 0 0 0 0 0 0 0 0 0 0 0 0 0 0 0 0 0 0 0 0 0 0 0 0 0 0 0 0 0 0 0 0 0 0 0 0 0 0 0 0 0 0 0 0 0 0 0 0 0 0 0 0 
0 0 0 0 0 0 0 0 0 0 0 0 0 0 0 0 0 0 0 0 0 0 0 0 0 0 0 0 0 0 0 0 0 0 0 0 0 0 0 0 0 0 0 0 0 0 0 0 0 0 0 0 0 0 0 0 0 0 0 0 0 0 0 0 0 0 0 
0 0 0 0 0 0 0 0 0 0 0 0 0 0 0 0 0 0 0 0 0 0 0 0 0 0 0 0 0 0 0 0 0 0 0 0 0 0 0 0 0 0 0 0 0 0 0 0 0 0 0 0 0 0 0 0 0 0 0 0 0 0 0 0 0 0 0 
0 0 0 0 0 0 0 0 0 0 0 0 0 0 0 0 0 0 0 0 0 0 0 0 0 0 0 0 0 0 0 0 0 0 0 0 0 0 0 0 0 0 0 0 0 0 0 0 0 0 0 0 0 0 0 0 0 0 0 0 0 0 0 0 0 0 0 
0 0 0 0 0 0 0 0 0 0 0 0 0 0 0 0 0 0 0 0 0 0 0 0 0 0 0 0 0 0 0 0 0 0 0 0 0 0 0 0 0 0 0 0 0 0 0 0 0 0 0 0 0 0 0 0 0 0 0 0 0 0 0 0 0 0 0 
0 0 0 0 0 0 0 0 0 0 0 0 0 0 0 0 0 0 0 0 0 0 0 0 0 0 0 0 0 0 0 0 0 0 0 0 0 0 0 0 0 0 0 0 0 0 0 0 0 0 0 0 0 0 0 0 0 0 0 0 0 0 0 0 0 0 0 
0 0 0 0 0 0 0 0 0 0 0 0 0 0 0 0 0 0 0 0 0 0 0 0 0 0 0 0 0 0 0 0 0 0 0 0 0 0 0 0 0 0 0 0 0 0 0 0 0 0 0 0 0 0 0 0 0 0 0 0 0 0 0 0 0 0 0 
0 0 0 0 0 0 0 0 0 0 0 0 0 0 0 0 0 0 0 0 0 0 0 0 0 0 0 0 0 0 0 0 0 0 0 0 0 0 0 0 0 0 0 0 0 0 0 0 0 0 0 0 0 0 0 0 0 0 0 0 0 0 0 0 0 0 0 
0 0 0 0 0 0 0 0 0 0 0 0 0 0 0 0 0 0 0 0 0 0 0 0 0 0 0 0 0 0 0 0 0 0 0 0 0 0 0 0 0 0 0 0 0 0 0 0 0 0 0 0 0 0 0 0 0 0 0 0 0 0 0 0 0 0 0 
0 0 0 0 0 0 0 0 0 0 0 0 0 0 0 0 0 0 0 0 0 0 0 0 0 0 0 0 0 0 0 0 0 0 0 0 0 0 0 0 0 0 0 0 0 0 0 0 0 0 0 0 0 0 0 0 0 0 0 0 0 0 0 0 0 0 0 
0 0 0 0 0 0 0 0 0 0 0 0 0 0 0 0 0 0 0 0 0 0 0 0 0 0 0 0 0 0 0 0 0 0 0 0 0 0 0 0 0 0 0 0 0 0 0 0 0 0 0 0 0 0 0 0 0 0 0 0 0 0 0 0 0 0 0 
0 0 0 0 0 0 0 0 0 0 0 0 0 0 0 0 0 0 0 0 0 0 0 0 0 0 0 0 0 0 0 0 0 0 0 0 0 0 0 0 0 0 0 0 0 0 0 0 0 0 0 0 0 0 0 0 0 0 0 0 0 0 0 0 0 0 0 
0 0 0 0 0 0 0 0 0 0 0 0 0 0 0 0 0 0 0 0 0 0 0 0 0 0 0 0 0 0 0 0 0 0 0 0 0 0 0 0 0 0 0 0 0 0 0 0 0 0 0 0 0 0 0 0 0 0 0 0 0 0 0 0 0 0 0 
0 0 0 0 0 0 0 0 0 0 0 0 0 0 0 0 0 0 0 0 0 0 0 0 0 0 0 0 0 0 0 0 0 0 0 0 0 0 0 0 0 0 0 0 0 0 0 0 0 0 0 0 0 0 0 0 0 0 0 0 0 0 0 0 0 0 0 
0 0 0 0 0 0 0 0 0 0 0 0 0 0 0 0 0 0 0 0 0 0 0 0 0 0 0 0 0 0 0 0 0 0 0 0 0 0 0 0 0 0 0 0 0 0 0 0 0 0 0 0 0 0 0 0 0 0 0 0 0 0 0 0 0 0 0 
0 0 0 0 0 0 0 0 0 0 0 0 0 0 0 0 0 0 0 0 0 0 0 0 0 0 0 0 0 0 0 0 0 0 0 0 0 0 0 0 0 0 0 0 0 0 0 0 0 0 0 0 0 0 0 0 0 0 0 0 0 0 0 0 0 0 0 
0 0 0 0 0 0 0 0 0 0 0 0 0 0 0 0 0 0 0 0 0 0 0 0 0 0 0 0 0 0 0 0 0 0 0 0 0 0 0 0 0 0 0 0 0 0 0 0 0 0 0 0 0 0 0 0 0 0 0 0 0 0 0 0 0 0 0 
0 0 0 0 0 0 0 0 0 0 0 0 0 0 0 0 0 0 0 0 0 0 0 0 0 0 0 0 0 0 0 0 0 0 0 0 0 0 0 0 0 0 0 0 0 0 0 0 0 0 0 0 0 0 0 0 0 0 0 0 0 0 0 0 0 0 0 
0 0 0 0 0 0 0 0 0 0 0 0 0 0 0 0 0 0 0 0 0 0 0 0 0 0 0 0 0 0 0 0 0 0 0 0 0 0 0 0 0 0 0 0 0 0 0 0 0 0 0 0 0 0 0 0 0 0 0 0 0 0 0 0 0 0 0 
0 0 0 0 0 0 0 0 0 0 0 0 0 0 0 0 0 0 0 0 0 0 0 0 0 0 0 0 0 0 0 0 0 0 0 0 0 0 0 0 0 0 0 0 0 0 0 0 0 0 0 0 0 0 0 0 0 0 0 0 0 0 0 0 0 0 0 
0 0 0 0 0 0 0 0 0 0 0 0 0 0 0 0 0 0 0 0 0 0 0 0 0 0 0 0 0 0 0 0 0 0 0 0 0 0 0 0 0 0 0 0 0 0 0 0 0 0 0 0 0 0 0 0 0 0 0 0 0 0 0 0 0 0 0 
0 0 0 0 0 0 0 0 0 0 0 0 0 0 0 0 0 0 0 0 0 0 0 0 0 0 0 0 0 0 0 0 0 0 0 0 0 0 0 0 0 0 0 0 0 0 0 0 0 0 0 0 0 0 0 0 0 0 0 0 0 0 0 0 0 0 0 
0 0 0 0 0 0 0 0 0 0 0 0 0 0 0 0 0 0 0 0 0 0 0 0 0 0 0 0 0 0 0 0 0 0 0 0 0 0 0 0 0 0 0 0 0 0 0 0 0 0 0 0 0 0 0 0 0 0 0 0 0 0 0 0 0 0 0 
0 0 0 0 0 0 0 0 0 0 0 0 0 0 0 0 0 0 0 0 0 0 0 0 0 0 0 0 0 0 0 0 0 0 0 0 0 0 0 0 0 0 0 0 0 0 0 0 0 0 0 0 0 0 0 0 0 0 0 0 0 0 0 0 0 0 0 
0 0 0 0 0 0 0 0 0 0 0 0 0 0 0 0 0 0 0 0 0 0 0 0 0 0 0 0 0 0 0 0 0 0 0 0 0 0 0 0 0 0 0 0 0 0 0 0 0 0 0 0 0 0 0 0 0 0 0 0 0 0 0 0 0 0 0 
0 0 0 0 0 0 0 0 0 0 0 0 0 0 0 0 0 0 0 0 0 0 0 0 0 0 0 0 0 0 0 0 0 0 0 0 0 0 0 0 0 0 0 0 0 0 0 0 0 0 0 0 0 0 0 0 0 0 0 0 0 0 0 0 0 0 0 
0 0 0 0 0 0 0 0 0 0 0 0 0 0 0 0 0 0 0 0 0 0 0 0 0 0 0 0 0 0 0 0 0 0 0 0 0 0 0 0 0 0 0 0 0 0 0 0 0 0 0 0 0 0 0 0 0 0 0 0 0 0 0 0 0 0 0 
0 0 0 0 0 0 0 0 0 0 0 0 0 0 0 0 0 0 0 0 0 0 0 0 0 0 0 0 0 0 0 0 0 0 0 0 0 0 0 0 0 0 0 0 0 0 0 0 0 0 0 0 0 0 0 0 0 0 0 0 0 0 0 0 0 0 0 
0 0 0 0 0 0 0 0 0 0 0 0 0 0 0 0 0 0 0 0 0 0 0 0 0 0 0 0 0 0 0 0 0 0 0 0 0 0 0 0 0 0 0 0 0 0 0 0 0 0 0 0 0 0 0 0 0 0 0 0 0 0 0 0 0 0 0 
0 0 0 0 0 0 0 0 0 0 0 0 0 0 0 0 0 0 0 0 0 0 0 0 0 0 0 0 0 0 0 0 0 0 0 0 0 0 0 0 0 0 0 0 0 0 0 0 0 0 0 0 0 0 0 0 0 0 0 0 0 0 0 0 0 0 0 
0 0 0 0 0 0 0 0 0 0 0 0 0 0 0 0 0 0 0 0 0 0 0 0 0 0 0 0 0 0 0 0 0 0 0 0 0 0 0 0 0 0 0 0 0 0 0 0 0 0 0 0 0 0 0 0 0 0 0 0 0 0 0 0 0 0 0 
0 0 0 0 0 0 0 0 0 0 0 0 0 0 0 0 0 0 0 0 0 0 0 0 0 0 0 0 0 0 0 0 0 0 0 0 0 0 0 0 0 0 0 0 0 0 0 0 0 0 0 0 0 0 0 0 0 0 0 0 0 0 0 0 0 0 0 
