43 43
0 0 0 0 0 0 0 0 0 0 0 0 0 0 0 0 0 0 0 0 0 0 0 0 0 0 0 0 0 0 0 0 0 0 0 0 0 0 0 0 0 0 0 
0 1.27247e-08 1.92719e-07 -3.01889e-07 -6.42072e-07 -5.47219e-07 -2.22938e-07 9.03259e-08 3.04719e-07 4.4969e-07 5.39941e-07 5.73955e-07 5.68176e-07 5.42488e-07 5.09827e-07 4.73031e-07 4.28651e-07 3.72877e-07 3.07411e-07 2.31365e-07 1.48575e-07 6.26562e-08 -2.34372e-08 -1.07206e-07 -1.86065e-07 -2.57115e-07 -3.20374e-07 -3.7459e-07 -4.23424e-07 -4.71692e-07 -5.19119e-07 -5.54471e-07 -5.55881e-07 -5.0063e-07 -3.87002e-07 -1.99683e-07 1.01907e-07 4.67761e-07 6.332e-07 3.49891e-07 -1.58382e-07 -1.07522e-08 0 
0 9.75435e-08 -7.95859e-06 -7.47525e-05 -9.47894e-05 -6.10392e-05 -8.35975e-06 3.97604e-05 7.46146e-05 9.58776e-05 0.000106106 0.000108568 0.000105726 9.93088e-05 9.0479e-05 8.00476e-05 6.86279e-05 5.67016e-05 4.45914e-05 3.24718e-05 2.03967e-05 8.36047e-06 -3.66406e-06 -1.57184e-05 -2.78595e-05 -4.01348e-05 -5.25221e-05 -6.48676e-05 -7.68394e-05 -8.79245e-05 -9.73695e-05 -0.000104041 -0.000106203 -0.000101288 -8.56894e-05 -5.59353e-05 -1.04729e-05 4.48324e-05 8.88379e-05 8.26524e-05 1.81743e-05 4.70506e-08 0 
0 1.73623e-06 0.000104082 2.94613e-05 -8.3833e-05 -0.000133237 -0.000114011 -5.49509e-05 1.52406e-05 7.90914e-05 0.000129236 0.000164661 0.000186477 0.000196333 0.000195741 0.000186054 0.00016865 0.000145081 0.000116874 8.54753e-05 5.20466e-05 1.75481e-05 -1.71875e-05 -5.13813e-05 -8.42344e-05 -0.000114834 -0.000142024 -0.000164478 -0.00018068 -0.000189069 -0.000187932 -0.000175231 -0.000148592 -0.000105897 -4.67421e-05 2.33138e-05 8.91261e-05 0.000123501 9.45153e-05 -8.91017e-06 -0.000101056 -1.73703e-06 0 
0 2.22973e-06 0.00016939 0.000200788 9.47033e-06 -0.000192395 -0.000285456 -0.000278054 -0.000212744 -0.000124172 -3.43715e-05 4.51309e-05 0.000109627 0.00015769 0.000189101 0.000204104 0.000203407 0.000188471 0.00016134 0.000124663 8.11796e-05 3.36864e-05 -1.50182e-05 -6.21468e-05 -0.000104915 -0.000140552 -0.000166288 -0.000179743 -0.000178915 -0.000162334 -0.000128778 -7.72021e-05 -7.36293e-06 7.80906e-05 0.0001697 0.00024635 0.00027362 0.000206427 1.84789e-05 -0.000197489 -0.000194131 -2.66065e-06 0 
0 -3.03712e-07 1.45997e-05 0.000161543 9.68705e-05 -0.000129483 -0.000307206 -0.000377382 -0.000365962 -0.00030898 -0.000233502 -0.000154417 -7.83982e-05 -8.91676e-06 5.14048e-05 9.98447e-05 0.00013344 0.000149588 0.000146775 0.000125695 8.92492e-05 4.25366e-05 -7.77975e-06 -5.44653e-05 -9.08542e-05 -0.000111872 -0.000114594 -9.87301e-05 -6.58225e-05 -1.84525e-05 4.07174e-05 0.000109209 0.00018427 0.000261186 0.000328642 0.000362085 0.000322474 0.000172414 -6.2735e-05 -0.000182153 -4.34367e-05 -1.12908e-07 0 
0 -1.90018e-06 -0.000104713 8.24242e-05 0.000189244 3.19481e-05 -0.000195651 -0.000348812 -0.000407037 -0.000408709 -0.000383863 -0.000342719 -0.000287735 -0.00022151 -0.000148262 -7.39953e-05 -6.35957e-06 4.64669e-05 7.77561e-05 8.46667e-05 6.90731e-05 3.75193e-05 -4.77557e-08 -3.24078e-05 -4.95437e-05 -4.48581e-05 -1.64491e-05 3.24282e-05 9.50893e-05 0.000163416 0.000229639 0.000287173 0.000331422 0.000360704 0.00037216 0.00034589 0.000234792 2.77758e-05 -0.000160513 -0.000100309 0.000104302 1.9801e-06 0 
0 -1.37652e-06 -9.22572e-05 8.45335e-05 0.000276789 0.000176986 -8.85596e-05 -0.00031808 -0.00044286 -0.000500852 -0.00051947 -0.00050642 -0.000465102 -0.000401036 -0.000321549 -0.000235226 -0.000151505 -7.93398e-05 -2.5306e-05 8.12486e-06 2.27935e-05 2.42097e-05 2.03296e-05 2.00384e-05 3.15075e-05 6.05027e-05 0.000108955 0.000174133 0.000249452 0.000325961 0.000393864 0.00044336 0.000465737 0.000456212 0.000413557 0.000324523 0.000140977 -0.000118787 -0.000264704 -9.42546e-05 0.000121597 1.90006e-06 0 
0 -6.27566e-07 -5.17332e-05 8.44023e-05 0.000310735 0.000265969 -1.07124e-05 -0.000290458 -0.000467863 -0.000568964 -0.000613579 -0.000612268 -0.000575039 -0.000512611 -0.000435057 -0.000351543 -0.00027007 -0.00019647 -0.000133487 -8.09363e-05 -3.66354e-05 2.32298e-06 3.88102e-05 7.57315e-05 0.000116257 0.000163666 0.000220233 0.000286076 0.000358333 0.000431159 0.000496294 0.000543249 0.000559469 0.000532461 0.00045324 0.000312159 7.52822e-05 -0.000210539 -0.000310352 -8.83587e-05 8.9484e-05 1.24196e-06 0 
0 -3.18574e-07 -2.96476e-05 6.36292e-05 0.000305021 0.000316183 4.9645e-05 -0.000261547 -0.000483185 -0.000619146 -0.000680147 -0.000682706 -0.00064547 -0.000584486 -0.000511884 -0.000436486 -0.000363624 -0.000294931 -0.000228913 -0.000162431 -9.30199e-05 -2.05398e-05 5.26305e-05 0.000123241 0.000189198 0.000250977 0.000311082 0.000372701 0.000437089 0.000502643 0.00056392 0.000610845 0.000627801 0.000593656 0.000487889 0.000301907 2.63641e-05 -0.000262433 -0.000312218 -6.54965e-05 6.31181e-05 8.32336e-07 0 
0 -3.65801e-07 -2.7286e-05 3.59263e-05 0.000286621 0.000348447 0.000100446 -0.000233582 -0.000495742 -0.000662872 -0.000736803 -0.000741084 -0.000702643 -0.000642355 -0.00057405 -0.000505666 -0.000440119 -0.000375578 -0.000307123 -0.000229243 -0.000139548 -4.01469e-05 6.26884e-05 0.00016073 0.000247876 0.000322154 0.000385879 0.000444619 0.000503021 0.000562895 0.000621421 0.000669431 0.000688556 0.000649796 0.000520778 0.000292716 -1.54572e-05 -0.000297266 -0.000300773 -3.83642e-05 5.40178e-05 7.60554e-07 0 
0 -6.11733e-07 -3.85279e-05 7.30413e-06 0.000269738 0.000375602 0.000146036 -0.00020636 -0.000504822 -0.000700299 -0.000786394 -0.000792702 -0.000753245 -0.000693143 -0.000627539 -0.000563844 -0.000502904 -0.000440656 -0.000369089 -0.000281892 -0.00017643 -5.65842e-05 6.85931e-05 0.000187791 0.00029192 0.00037696 0.000445232 0.00050315 0.000558364 0.000615041 0.000672463 0.00072206 0.000743194 0.000700119 0.000550212 0.000284221 -5.30564e-05 -0.000327948 -0.000291593 -1.15835e-05 6.01368e-05 9.19238e-07 0 
0 -9.65715e-07 -5.80168e-05 -2.15896e-05 0.000256876 0.000401181 0.000188781 -0.000177567 -0.000507739 -0.00072948 -0.000828467 -0.00083867 -0.000799759 -0.000740382 -0.000676907 -0.00061624 -0.000557895 -0.000495804 -0.000420373 -0.000324573 -0.000206316 -7.06096e-05 7.16748e-05 0.00020745 0.000325541 0.000420481 0.000493796 0.000552703 0.000606474 0.000661349 0.000718031 0.000768463 0.000790081 0.00074176 0.000572891 0.000274181 -8.76479e-05 -0.00035741 -0.000286768 1.51056e-05 7.642e-05 1.22023e-06 0 
0 -1.35947e-06 -8.12255e-05 -5.08407e-05 0.000246427 0.000424173 0.000226737 -0.000150749 -0.00050902 -0.000755398 -0.000868037 -0.000883867 -0.000846996 -0.00078903 -0.000727331 -0.000668611 -0.000611169 -0.000547413 -0.000466739 -0.000362105 -0.000232033 -8.25274e-05 7.43226e-05 0.00022441 0.000355108 0.000459686 0.000538886 0.000600087 0.000653673 0.000707532 0.000763535 0.000813823 0.000834331 0.000779629 0.000593073 0.000265787 -0.000117186 -0.000384417 -0.000284394 4.19737e-05 9.77014e-05 1.58195e-06 0 
0 -1.73762e-06 -0.000104373 -7.98769e-05 0.000235975 0.000441751 0.000255539 -0.000132487 -0.000516191 -0.000785232 -0.00091114 -0.000933022 -0.000898646 -0.000842064 -0.00078166 -0.000723814 -0.000665981 -0.000599112 -0.000512046 -0.000397728 -0.000255644 -9.26218e-05 7.83055e-05 0.000242124 0.000385133 0.000499647 0.000585389 0.000649953 0.000704474 0.00075827 0.000814039 0.000864037 0.000882832 0.000821454 0.000618384 0.000265181 -0.000137812 -0.000406252 -0.000282046 6.82539e-05 0.000119574 1.93717e-06 0 
0 -2.05784e-06 -0.000124535 -0.000107333 0.000224137 0.000452068 0.000271911 -0.000128175 -0.000535493 -0.000824788 -0.000962287 -0.000989212 -0.000956555 -0.000900554 -0.000840435 -0.000782442 -0.000723111 -0.000652152 -0.000557874 -0.00043319 -0.000278328 -0.000101133 8.43847e-05 0.000262352 0.000418063 0.000542811 0.000635667 0.000704503 0.000761129 0.000816073 0.000872756 0.000923299 0.000940966 0.000873556 0.000655121 0.00027722 -0.000146994 -0.000421196 -0.000278364 9.23957e-05 0.00013874 2.23677e-06 0 
0 -2.29408e-06 -0.000139916 -0.000131151 0.000211773 0.000456363 0.000276503 -0.000138913 -0.000569173 -0.000876573 -0.00102363 -0.00105406 -0.00102182 -0.000965117 -0.000903976 -0.000844535 -0.000782598 -0.000706692 -0.00060454 -0.000468898 -0.000300562 -0.000108321 9.27839e-05 0.000285695 0.000454688 0.000590195 0.000690838 0.000764884 0.000824828 0.000882307 0.000941243 0.000993492 0.00101095 0.000938288 0.000705055 0.00030217 -0.000146171 -0.000430401 -0.000273997 0.000112477 0.000153325 2.45354e-06 0 
0 -2.43616e-06 -0.000150144 -0.000149089 0.00020201 0.000459187 0.000274571 -0.000160272 -0.000614072 -0.000938612 -0.00109421 -0.00112735 -0.00109471 -0.00103625 -0.000972767 -0.000910382 -0.000844365 -0.000762427 -0.000651604 -0.000504406 -0.000322044 -0.000114076 0.000103421 0.000312031 0.000495001 0.000641995 0.000751288 0.000831555 0.000896046 0.000957131 0.00101913 0.00107352 0.00109074 0.0010125 0.000763821 0.000334512 -0.000141216 -0.000438079 -0.000271572 0.000126816 0.000163123 2.5809e-06 0 
0 -2.51805e-06 -0.000155998 -0.000159478 0.000198283 0.000465119 0.000272567 -0.000184616 -0.000662417 -0.00100394 -0.00116848 -0.00120505 -0.00117256 -0.00111222 -0.00104547 -0.000978635 -0.00090679 -0.00081729 -0.000696836 -0.000537729 -0.000341341 -0.000117902 0.000115654 0.000339868 0.00053703 0.000696002 0.000814828 0.000902468 0.00097247 0.00103766 0.00110249 0.00115792 0.0011732 0.00108753 0.000822099 0.000365625 -0.000138784 -0.000448264 -0.000273799 0.000134411 0.000169091 2.65884e-06 0 
0 -2.54498e-06 -0.000158932 -0.000163013 0.000201509 0.000476333 0.00027476 -0.000205428 -0.000706681 -0.00106499 -0.00123911 -0.00128018 -0.00124875 -0.00118691 -0.00111657 -0.00104443 -0.000965727 -0.000867893 -0.000737523 -0.00056688 -0.000357455 -0.000119832 0.000128478 0.000367117 0.000577626 0.000748244 0.00087668 0.000971902 0.00104754 0.00111653 0.00118322 0.00123811 0.00124954 0.00115472 0.000871927 0.0003892 -0.000142458 -0.000462748 -0.000281323 0.000136336 0.000172658 2.69222e-06 0 
0 -2.54773e-06 -0.000160181 -0.000162111 0.000208689 0.000489189 0.000279528 -0.000220021 -0.000740309 -0.00111243 -0.00129496 -0.00134052 -0.00131057 -0.00124777 -0.0011743 -0.00109722 -0.00101217 -0.000906845 -0.000768044 -0.000588106 -0.000368553 -0.000120154 0.000139287 0.000388956 0.000609901 0.000789879 0.000926323 0.00102802 0.00110843 0.00118037 0.00124797 0.00130141 0.00130838 0.00120494 0.000907481 0.000403798 -0.000149322 -0.000477587 -0.000291092 0.000134755 0.000174693 2.70622e-06 0 
0 -2.54515e-06 -0.000160487 -0.000159936 0.000214713 0.00049714 0.000281791 -0.000228936 -0.000759122 -0.00113819 -0.00132498 -0.00137289 -0.00134372 -0.00128025 -0.00120483 -0.00112466 -0.00103563 -0.000925896 -0.000782391 -0.000597585 -0.000373069 -0.000119585 0.000145065 0.000399968 0.000626068 0.000810947 0.000951782 0.00105725 0.00114057 0.00121427 0.00128242 0.00133498 0.00133937 0.00123124 0.000926153 0.000411792 -0.000152811 -0.000486067 -0.000298186 0.000132214 0.000175414 2.71058e-06 0 
0 -2.54446e-06 -0.000160063 -0.00015841 0.000216147 0.000495656 0.000277727 -0.000233221 -0.000761171 -0.00113773 -0.00132265 -0.00136932 -0.00133933 -0.00127529 -0.00119943 -0.0011189 -0.00102967 -0.000920001 -0.000776997 -0.000593224 -0.000370251 -0.000118665 0.000143938 0.000396925 0.000621458 0.000805304 0.000945679 0.00105115 0.0011348 0.00120902 0.00127778 0.00133112 0.00133654 0.0012299 0.000927088 0.00041543 -0.000148189 -0.000483597 -0.000299314 0.000130197 0.000174706 2.7065e-06 0 
0 -2.54088e-06 -0.000158682 -0.000156876 0.000213893 0.000485693 0.000268119 -0.000232416 -0.000746475 -0.0011116 -0.001289 -0.00133117 -0.00129891 -0.0012344 -0.00115953 -0.00108123 -0.000995375 -0.000890111 -0.000752654 -0.00057559 -0.000360358 -0.00011728 0.00013642 0.000380699 0.00059723 0.000774292 0.000909442 0.0010112 0.00109262 0.00116607 0.00123543 0.00129097 0.00130064 0.00120122 0.000910013 0.000413968 -0.000136452 -0.000471174 -0.00029531 0.000128191 0.000172445 2.69087e-06 0 
0 -2.51826e-06 -0.000155713 -0.000152511 0.000212463 0.000472784 0.000257496 -0.000225141 -0.00071718 -0.0010651 -0.00123182 -0.00126803 -0.00123314 -0.00116845 -0.00109549 -0.00102093 -0.000940495 -0.000842408 -0.000713898 -0.000547524 -0.000344534 -0.000114806 0.000124952 0.000355545 0.000559404 0.000725576 0.000852069 0.000947509 0.00102488 0.00109632 0.00116572 0.00122358 0.00123864 0.00114932 0.000875618 0.000404471 -0.000123329 -0.000454458 -0.000290433 0.000123992 0.000168459 2.65567e-06 0 
0 -2.44781e-06 -0.000150104 -0.000142145 0.000216447 0.000462539 0.000249827 -0.000211728 -0.000677925 -0.00100636 -0.00116182 -0.00119249 -0.00115554 -0.00109109 -0.00102022 -0.000949452 -0.00087472 -0.000784534 -0.000666304 -0.000512596 -0.000324294 -0.000110663 0.000112323 0.000326476 0.000515173 0.000668397 0.000784714 0.000872742 0.000945249 0.00101392 0.00108237 0.00114145 0.00116083 0.00108146 0.000827187 0.00038556 -0.000114295 -0.000439289 -0.000289098 0.000115004 0.000162206 2.5805e-06 0 
0 -2.32363e-06 -0.000140453 -0.000123838 0.000227154 0.000455802 0.00024413 -0.0001963 -0.000635124 -0.00094311 -0.00108768 -0.00111388 -0.00107583 -0.00101195 -0.000942671 -0.000874682 -0.000804478 -0.000721422 -0.000613333 -0.000472912 -0.000300526 -0.000104552 0.000100078 0.00029634 0.000468797 0.000608521 0.00071468 0.000795605 0.000863627 0.000929477 0.00099626 0.00105503 0.00107679 0.00100574 0.000770767 0.0003604 -0.000109552 -0.000426803 -0.000292628 9.93124e-05 0.000152518 2.46376e-06 0 
0 -2.1055e-06 -0.000125699 -9.835e-05 0.000242209 0.000449659 0.000235552 -0.000186176 -0.000597431 -0.000884072 -0.00101735 -0.00103904 -0.00099981 -0.000935965 -0.000867226 -0.0008006 -0.000733489 -0.000656448 -0.000557974 -0.000430858 -0.00027464 -9.67494e-05 8.90281e-05 0.000267136 0.000423347 0.00054976 0.000646335 0.000721099 0.000785572 0.000849302 0.000914646 0.000972732 0.000996059 0.000932379 0.000716167 0.000336735 -0.000104548 -0.000414581 -0.000299255 7.71786e-05 0.00013828 2.26154e-06 0 
0 -1.79378e-06 -0.000105607 -6.77295e-05 0.000257741 0.000438898 0.000217832 -0.000187926 -0.000570853 -0.000834095 -0.000954412 -0.000970497 -0.000929192 -0.000864378 -0.000794942 -0.000728292 -0.000662863 -0.000590816 -0.000501294 -0.000387178 -0.00024718 -8.7506e-05 7.94755e-05 0.00023936 0.000379431 0.000493003 0.000580804 0.000650496 0.00071279 0.000775662 0.000840594 0.000898677 0.00092388 0.000867868 0.000670744 0.000322025 -9.27862e-05 -0.000397812 -0.000305662 4.99696e-05 0.000119056 1.96962e-06 0 
0 -1.40499e-06 -8.13397e-05 -3.44465e-05 0.000271223 0.000420379 0.000187981 -0.000203584 -0.000556608 -0.000793874 -0.000899223 -0.000908473 -0.000864234 -0.000797567 -0.000726408 -0.000658503 -0.000593532 -0.000525262 -0.000443813 -0.000342168 -0.000218112 -7.66041e-05 7.14905e-05 0.000213157 0.00033725 0.000438411 0.000518298 0.00058416 0.000645622 0.000709003 0.000774699 0.000833639 0.000861352 0.000813661 0.000636533 0.000319136 -7.07339e-05 -0.000373586 -0.000309651 1.9776e-05 9.59427e-05 1.60281e-06 0 
0 -9.77054e-07 -5.55006e-05 -5.91603e-07 0.000282616 0.000394454 0.000147653 -0.000229697 -0.000550618 -0.000759743 -0.000849133 -0.000851408 -0.000804278 -0.000735599 -0.000662094 -0.000591917 -0.000526005 -0.000459969 -0.000385324 -0.000295244 -0.000186797 -6.37348e-05 6.49426e-05 0.000187906 0.000296021 0.000385271 0.000458141 0.000521505 0.000583436 0.000648405 0.000715541 0.000775448 0.000805386 0.000765885 0.000609593 0.000325163 -3.9419e-05 -0.000342276 -0.000311197 -1.12564e-05 7.17733e-05 1.20303e-06 0 
0 -5.69106e-07 -3.20855e-05 3.24022e-05 0.000293799 0.000363789 0.00010155 -0.000258922 -0.000544687 -0.000724125 -0.000798104 -0.000794944 -0.000746397 -0.000676476 -0.000600583 -0.000527118 -0.000458762 -0.000393005 -0.000323623 -0.000244272 -0.000151895 -4.86135e-05 5.88345e-05 0.00016152 0.000252768 0.000330399 0.000397228 0.000459493 0.000523034 0.000590299 0.000658719 0.000718494 0.000748943 0.000716322 0.000581593 0.000333218 -2.99221e-06 -0.000306545 -0.00031207 -4.13871e-05 5.11158e-05 8.40208e-07 0 
0 -2.60332e-07 -1.6396e-05 6.38775e-05 0.000306766 0.000330356 5.36043e-05 -0.000284131 -0.000530113 -0.000678103 -0.000737832 -0.000731707 -0.000684066 -0.000614344 -0.000536208 -0.000458636 -0.00038616 -0.000318857 -0.000253536 -0.000185282 -0.000111037 -3.10825e-05 5.08499e-05 0.000129604 0.000201661 0.000266942 0.000328424 0.000390942 0.000457284 0.000527352 0.000596539 0.000654468 0.000683102 0.000655826 0.000544155 0.000336859 3.47779e-05 -0.000268749 -0.000314461 -6.9805e-05 4.00733e-05 6.09495e-07 0 
0 -1.48916e-07 -1.46222e-05 9.34005e-05 0.000320019 0.000291375 2.63322e-06 -0.000304516 -0.000505142 -0.000618734 -0.000663908 -0.000656054 -0.000610696 -0.000542008 -0.000461601 -0.000378861 -0.000300667 -0.000230719 -0.000169176 -0.000113838 -6.17577e-05 -1.09803e-05 3.89465e-05 8.80264e-05 0.000137029 0.000188271 0.00024476 0.000308601 0.000379335 0.000453235 0.000523225 0.000578536 0.000604324 0.000582544 0.000496871 0.000336074 7.41797e-05 -0.000227326 -0.000317701 -9.66609e-05 4.5108e-05 6.16261e-07 0 
0 -3.79733e-07 -3.31239e-05 0.000116639 0.000320416 0.000234829 -5.57336e-05 -0.000321715 -0.000473294 -0.00054951 -0.000577022 -0.000565408 -0.000521557 -0.000453976 -0.000371828 -0.000284408 -0.000200786 -0.00012844 -7.18144e-05 -3.16235e-05 -5.42725e-06 1.12848e-05 2.40817e-05 3.89496e-05 6.17637e-05 9.74077e-05 0.000148431 0.000213901 0.000289246 0.000366932 0.000437604 0.000490705 0.000515092 0.000501721 0.000445368 0.000333236 0.000117621 -0.000171467 -0.000308603 -0.000119007 6.95009e-05 9.71094e-07 0 
0 -1.07412e-06 -7.28589e-05 0.000117714 0.000279148 0.000141964 -0.000125358 -0.00033246 -0.000430829 -0.000465611 -0.000467906 -0.000445084 -0.000398598 -0.000332201 -0.00025216 -0.000166697 -8.54819e-05 -1.8181e-05 2.77045e-05 4.91333e-05 4.80695e-05 3.10459e-05 7.8037e-06 -1.06995e-05 -1.45395e-05 3.01494e-06 4.39956e-05 0.000104973 0.00017844 0.000254728 0.000323889 0.000376755 0.000406309 0.000410382 0.000389651 0.00032814 0.000170747 -8.05553e-05 -0.000255855 -0.000122374 0.000103989 1.62462e-06 0 
0 -1.71704e-06 -9.45912e-05 0.0001005 0.000173843 -3.34479e-06 -0.000214594 -0.000339193 -0.000374972 -0.000360077 -0.000323237 -0.000274728 -0.000216963 -0.000152003 -8.33e-05 -1.60314e-05 4.29991e-05 8.64027e-05 0.000108038 0.000105414 8.05237e-05 3.98983e-05 -6.59912e-06 -4.7869e-05 -7.40284e-05 -7.85611e-05 -5.94862e-05 -1.9745e-05 3.45805e-05 9.61944e-05 0.000158354 0.000215669 0.000264741 0.000304531 0.000331823 0.000326546 0.000243853 6.11329e-05 -0.000135927 -0.000110102 9.71904e-05 1.84688e-06 0 
0 -3.27001e-07 1.2401e-05 0.000144917 5.26994e-05 -0.000164325 -0.000309612 -0.00034954 -0.000318634 -0.000250423 -0.000169178 -8.88404e-05 -1.57599e-05 4.71454e-05 9.80816e-05 0.000135416 0.00015753 0.000163289 0.000152442 0.000126362 8.78798e-05 4.12705e-05 -8.17109e-06 -5.47815e-05 -9.32654e-05 -0.000119358 -0.000130182 -0.000124685 -0.000103102 -6.65053e-05 -1.60779e-05 4.70551e-05 0.000121236 0.000202307 0.000279245 0.000329166 0.000317105 0.00020176 -1.52487e-05 -0.000158495 -4.2103e-05 -1.02425e-07 0 
0 2.35234e-06 0.000173946 0.000171125 -2.97646e-05 -0.000208901 -0.00027448 -0.000247832 -0.000172688 -8.16987e-05 5.60652e-06 7.97068e-05 0.000137172 0.000177455 0.000201037 0.000208826 0.000202191 0.000183173 0.000154194 0.000117931 7.6796e-05 3.29435e-05 -1.16844e-05 -5.52288e-05 -9.57535e-05 -0.000131111 -0.000158828 -0.000176422 -0.000181487 -0.000171965 -0.000145998 -0.000101868 -3.85419e-05 4.24167e-05 0.00013328 0.000215447 0.000257213 0.000214097 5.10788e-05 -0.000166921 -0.000198857 -2.79721e-06 0 
0 1.44499e-06 8.30614e-05 -5.69637e-06 -9.84853e-05 -0.0001184 -8.19926e-05 -1.93372e-05 4.62301e-05 0.000101882 0.000143116 0.000170364 0.000185305 0.000189767 0.000185306 0.000173279 0.000155025 0.000131973 0.000105457 7.66553e-05 4.64556e-05 1.55508e-05 -1.54742e-05 -4.60822e-05 -7.57274e-05 -0.000103769 -0.000129331 -0.000151333 -0.000168452 -0.000179262 -0.000182157 -0.000175203 -0.000156062 -0.000122343 -7.2542e-05 -9.56642e-06 5.61354e-05 0.00010356 0.000102349 2.32575e-05 -7.82074e-05 -1.41924e-06 0 
0 -1.38403e-07 -2.23278e-05 -8.24983e-05 -8.68459e-05 -4.10862e-05 1.48402e-05 5.91877e-05 8.71906e-05 0.000101375 0.000105577 0.000103378 9.71944e-05 8.86143e-05 7.86582e-05 6.80094e-05 5.71481e-05 4.64049e-05 3.59525e-05 2.58215e-05 1.59489e-05 6.23069e-06 -3.44726e-06 -1.32091e-05 -2.31967e-05 -3.35534e-05 -4.43752e-05 -5.56414e-05 -6.71687e-05 -7.85938e-05 -8.93245e-05 -9.84175e-05 -0.000104352 -0.000104723 -9.57979e-05 -7.30722e-05 -3.23416e-05 2.46606e-05 7.938e-05 8.9064e-05 3.36085e-05 3.04539e-07 0 
0 1.13912e-08 1.01521e-07 -3.86498e-07 -6.37267e-07 -4.5693e-07 -8.63304e-08 2.31503e-07 4.2254e-07 5.31786e-07 5.84086e-07 5.82989e-07 5.48465e-07 5.01731e-07 4.55707e-07 4.12303e-07 3.66699e-07 3.13919e-07 2.54764e-07 1.88763e-07 1.19712e-07 5.02715e-08 -1.86117e-08 -8.67479e-08 -1.53142e-07 -2.15348e-07 -2.73021e-07 -3.25187e-07 -3.76277e-07 -4.32491e-07 -4.95038e-07 -5.53708e-07 -5.86507e-07 -5.68147e-07 -4.91777e-07 -3.31888e-07 -3.20596e-08 3.70834e-07 6.128e-07 4.24591e-07 -5.5712e-08 -8.89017e-09 0 
0 0 0 0 0 0 0 0 0 0 0 0 0 0 0 0 0 0 0 0 0 0 0 0 0 0 0 0 0 0 0 0 0 0 0 0 0 0 0 0 0 0 0 
