43 43
0 0 0 0 0 0 0 0 0 0 0 0 0 0 0 0 0 0 0 0 0 0 0 0 0 0 0 0 0 0 0 0 0 0 0 0 0 0 0 0 0 0 0 
0 0 0 0 0 0 1.4038e-10 4.23506e-10 1.00525e-09 1.92571e-09 3.27822e-09 4.75042e-09 6.15771e-09 7.25925e-09 7.87551e-09 7.93337e-09 7.44608e-09 6.44244e-09 5.06487e-09 3.22822e-09 1.12353e-09 -1.07091e-09 -3.17277e-09 -5.01197e-09 -6.44452e-09 -7.32901e-09 -7.82758e-09 -7.83283e-09 -7.37508e-09 -6.48678e-09 -5.26762e-09 -3.89382e-09 -2.57203e-09 -1.44185e-09 -7.16595e-10 -2.86772e-10 0 0 0 0 0 0 0 
0 0 0 0 5.6385e-10 2.87167e-09 1.12626e-08 3.37934e-08 7.90854e-08 1.49898e-07 2.4242e-07 3.40223e-07 4.29029e-07 4.96532e-07 5.34161e-07 5.37219e-07 5.04347e-07 4.36807e-07 3.38745e-07 2.1491e-07 7.44778e-08 -7.16746e-08 -2.12084e-07 -3.36001e-07 -4.34589e-07 -5.01731e-07 -5.36461e-07 -5.3806e-07 -5.08529e-07 -4.51745e-07 -3.73988e-07 -2.8425e-07 -1.93811e-07 -1.14282e-07 -5.73022e-08 -2.31904e-08 -7.30211e-09 -1.75851e-09 -3.26873e-10 0 0 0 0 
0 0 0 7.36849e-10 4.75813e-09 2.39942e-08 9.23701e-08 2.71218e-07 6.21466e-07 1.15402e-06 1.82288e-06 2.50974e-06 3.11261e-06 3.55088e-06 3.77287e-06 3.75378e-06 3.49085e-06 2.99814e-06 2.30602e-06 1.45417e-06 5.00735e-07 -4.87291e-07 -1.44004e-06 -2.29147e-06 -2.9856e-06 -3.48123e-06 -3.76036e-06 -3.81414e-06 -3.64946e-06 -3.28659e-06 -2.76306e-06 -2.13685e-06 -1.48582e-06 -8.97205e-07 -4.59361e-07 -1.89997e-07 -6.1172e-08 -1.5002e-08 -2.8115e-09 -4.12771e-10 0 0 0 
0 0 6.41465e-10 5.19352e-09 3.33333e-08 1.65064e-07 6.19103e-07 1.76581e-06 3.92468e-06 7.05751e-06 1.07654e-05 1.43795e-05 1.73694e-05 1.93726e-05 2.01916e-05 1.97601e-05 1.81128e-05 1.5361e-05 1.16818e-05 7.30392e-06 2.49248e-06 -2.46382e-06 -7.27017e-06 -1.16436e-05 -1.5331e-05 -1.81252e-05 -1.98776e-05 -2.05018e-05 -1.99807e-05 -1.83683e-05 -1.5808e-05 -1.25551e-05 -8.99496e-06 -5.6188e-06 -2.96664e-06 -1.26363e-06 -4.18701e-07 -1.05363e-07 -2.00841e-08 -2.96042e-09 -3.47401e-10 0 0 
0 0 3.75116e-09 3.03545e-08 1.92071e-07 9.27118e-07 3.36488e-06 9.23875e-06 1.96418e-05 3.36221e-05 4.86976e-05 6.20748e-05 7.19576e-05 7.74612e-05 7.83239e-05 7.46718e-05 6.68993e-05 5.56147e-05 4.15754e-05 2.56474e-05 8.61304e-06 -8.77657e-06 -2.57942e-05 -4.17169e-05 -5.58146e-05 -6.73633e-05 -7.56182e-05 -8.00178e-05 -8.02052e-05 -7.60798e-05 -6.78413e-05 -5.60947e-05 -4.20331e-05 -2.75753e-05 -1.52394e-05 -6.7596e-06 -2.32071e-06 -6.02867e-07 -1.1779e-07 -1.75858e-08 -2.06093e-09 0 0 
0 2.88657e-10 1.80609e-08 1.44805e-07 8.96736e-07 4.19654e-06 1.46538e-05 3.83107e-05 7.65828e-05 0.000122267 0.000164589 0.000195763 0.000212984 0.000216593 0.000208177 0.000189668 0.000163125 0.00013077 9.47295e-05 5.69138e-05 1.83875e-05 -2.03021e-05 -5.88384e-05 -9.67694e-05 -0.000133187 -0.000166564 -0.000194568 -0.000214906 -0.000225479 -0.000224701 -0.000211488 -0.000185542 -0.000148222 -0.00010401 -6.12418e-05 -2.86984e-05 -1.02892e-05 -2.77016e-06 -5.57692e-07 -8.50116e-08 -1.00448e-08 -1.59232e-10 0 
0 1.0884e-09 6.995e-08 5.51368e-07 3.32603e-06 1.50498e-05 5.02924e-05 0.000123694 0.000228415 0.000332395 0.000403746 0.000431609 0.000421233 0.000383813 0.000330011 0.000268313 0.000205318 0.000146266 9.42859e-05 5.04378e-05 1.28135e-05 -2.25463e-05 -6.04403e-05 -0.000105025 -0.000158452 -0.000219988 -0.000285493 -0.000349151 -0.00040385 -0.000442349 -0.000456996 -0.00043994 -0.000385424 -0.00029594 -0.00018909 -9.50315e-05 -3.59211e-05 -1.00517e-05 -2.08866e-06 -3.26711e-07 -3.92588e-08 -6.0604e-10 0 
0 3.26542e-09 2.1332e-07 1.64654e-06 9.66483e-06 4.22252e-05 0.000134186 0.000306644 0.000512952 0.000657549 0.000679004 0.000588197 0.000428818 0.000245665 7.21286e-05 -6.94503e-05 -0.000165025 -0.000207519 -0.000198057 -0.000144773 -6.22276e-05 3.03616e-05 0.000111991 0.000163292 0.000169804 0.000124396 2.83972e-05 -0.000109603 -0.000273853 -0.000444196 -0.000595589 -0.000696895 -0.000713706 -0.000623644 -0.000442786 -0.000242197 -9.75348e-05 -2.8487e-05 -6.10707e-06 -9.80749e-07 -1.20374e-07 -1.82887e-09 0 
0 7.74027e-09 5.13308e-07 3.87963e-06 2.21707e-05 9.33194e-05 0.000280136 0.000587685 0.000866595 0.000914232 0.000663791 0.00021118 -0.000309668 -0.000791769 -0.00116659 -0.00139408 -0.00145461 -0.00134764 -0.00109132 -0.000718814 -0.000272434 0.000198828 0.000643814 0.00101402 0.00126852 0.0013781 0.00132781 0.00112099 0.000780478 0.000345015 -0.000130801 -0.00057183 -0.000880908 -0.000963412 -0.000791176 -0.000479059 -0.000207375 -6.35771e-05 -1.40725e-05 -2.31601e-06 -2.90221e-07 -4.34523e-09 0 
0 1.54215e-08 1.019e-06 7.53381e-06 4.1832e-05 0.000168942 0.000476094 0.000905021 0.00112877 0.000827052 6.55081e-07 -0.00108549 -0.00216002 -0.00304053 -0.00362639 -0.00386906 -0.0037566 -0.00331261 -0.00259008 -0.00166336 -0.000611546 0.000482082 0.0015338 0.00246224 0.00319136 0.00365475 0.0038003 0.0036079 0.00309289 0.00230794 0.00133991 0.000319664 -0.00056443 -0.001091 -0.00111731 -0.000766402 -0.000359436 -0.00011628 -2.66766e-05 -4.50521e-06 -5.76587e-07 -8.66591e-09 0 
0 2.57939e-08 1.7082e-06 1.2405e-05 6.71803e-05 0.000261284 0.000693508 0.00119034 0.00119638 0.000306536 -0.00131773 -0.00317908 -0.004853 -0.00609366 -0.0067894 -0.00690609 -0.00646578 -0.00554138 -0.0042384 -0.00267932 -0.000972624 0.000783694 0.00249529 0.00406696 0.00539467 0.00636772 0.00687421 0.00684238 0.00625366 0.00515658 0.00365799 0.00194063 0.000292257 -0.00090473 -0.00132918 -0.00105093 -0.000533478 -0.000181368 -4.29705e-05 -7.41869e-06 -9.65438e-07 -1.44793e-08 0 
0 3.83547e-08 2.54443e-06 1.81957e-05 9.63862e-05 0.000362363 0.000909799 0.00140802 0.00105874 -0.000563355 -0.00305406 -0.00565878 -0.00781671 -0.00924981 -0.00986594 -0.0096778 -0.00877241 -0.00730673 -0.00545701 -0.00339198 -0.00122345 0.000979539 0.00316263 0.00525936 0.00716349 0.00871734 0.00972575 0.0100306 0.00954614 0.00828591 0.00635944 0.00398367 0.00153443 -0.000440194 -0.00140168 -0.00130035 -0.000712335 -0.000253387 -6.17894e-05 -1.08761e-05 -1.43552e-06 -2.1494e-08 0 
0 5.24546e-08 3.4848e-06 2.45907e-05 0.000127749 0.000465913 0.00111141 0.0015495 0.000753185 -0.00164936 -0.00495382 -0.00815471 -0.0105899 -0.0119836 -0.0122926 -0.0116068 -0.0101156 -0.00809679 -0.00582877 -0.0035266 -0.00126704 0.0009763 0.00326517 0.00562744 0.00799029 0.0101418 0.011773 0.0125985 0.012426 0.0112092 0.00903729 0.00614356 0.00297046 0.000216505 -0.00134915 -0.00150237 -0.000885029 -0.000327941 -8.20438e-05 -1.46887e-05 -1.96243e-06 -2.93433e-08 0 
0 6.74741e-08 4.48765e-06 3.13008e-05 0.000159822 0.000567204 0.00129035 0.00161665 0.000321487 -0.0028437 -0.00684141 -0.0104404 -0.0129154 -0.0140214 -0.0137863 -0.0123999 -0.0101899 -0.0076013 -0.005069 -0.0028769 -0.00102745 0.000701326 0.00259974 0.00488851 0.00756329 0.01033 0.0127123 0.0142491 0.0146062 0.0136555 0.01145 0.00822334 0.00446157 0.000990569 -0.00119431 -0.00165343 -0.00104453 -0.000401684 -0.000102814 -1.86854e-05 -2.52284e-06 -3.76828e-08 0 
0 8.27662e-08 5.50896e-06 3.80338e-05 0.000191242 0.000662217 0.00144127 0.00161563 -0.000196891 -0.00406429 -0.00860418 -0.0123932 -0.0146765 -0.0152588 -0.0142472 -0.011942 -0.00883352 -0.00558795 -0.00289179 -0.00119261 -0.000402565 5.59361e-05 0.000917954 0.00275526 0.00564354 0.00910739 0.0124127 0.0148659 0.0159692 0.0155016 0.0134732 0.010107 0.00591478 0.00182313 -0.000959771 -0.00175379 -0.00118571 -0.000471708 -0.000123229 -2.26945e-05 -3.09242e-06 -4.6157e-08 0 
0 9.75335e-08 6.4967e-06 4.4459e-05 0.000220562 0.000747192 0.00156111 0.00155844 -0.000757923 -0.00523707 -0.0101617 -0.0139525 -0.0158515 -0.0157173 -0.0137272 -0.0102763 -0.00600944 -0.00184774 0.00112081 0.00200423 0.000831315 -0.00118027 -0.00225711 -0.00119399 0.00201265 0.00642324 0.0109014 0.0144871 0.0165287 0.0167262 0.0150536 0.011722 0.00725528 0.00265722 -0.000673083 -0.00180746 -0.00130468 -0.000535186 -0.000142353 -2.65209e-05 -3.64244e-06 -5.4328e-08 0 
0 1.10601e-07 7.39036e-06 5.0206e-05 0.000246277 0.000818832 0.00164991 0.00146507 -0.00130811 -0.0062887 -0.0114571 -0.0151152 -0.0165169 -0.0155664 -0.0124816 -0.00770021 -0.00194011 0.00370122 0.00763093 0.00785078 0.00335296 -0.00368727 -0.00806648 -0.00762938 -0.00342351 0.00248538 0.00846187 0.0133584 0.0164522 0.0174131 0.0162031 0.0130282 0.00841737 0.00343106 -0.000370537 -0.00182413 -0.00139925 -0.000589441 -0.000159191 -2.99448e-05 -4.13947e-06 -6.15494e-08 0 
0 1.22332e-07 8.15011e-06 5.50135e-05 0.00026726 0.00087463 0.00170849 0.00135579 -0.00179435 -0.00714803 -0.0124412 -0.0158981 -0.0167932 -0.0150619 -0.0109271 -0.00479178 0.00272436 0.010703 0.0175236 0.0194314 0.00998229 -0.0102895 -0.0196012 -0.0174463 -0.0103217 -0.00206898 0.00566174 0.0118909 0.0159973 0.0176924 0.0169548 0.0139935 0.00933854 0.00408446 -8.7113e-05 -0.00181328 -0.00146797 -0.000632479 -0.000173038 -3.28212e-05 -4.56324e-06 -6.80513e-08 0 
0 1.3054e-07 8.69499e-06 5.8436e-05 0.000282006 0.000912747 0.00174363 0.00126341 -0.00215651 -0.00776017 -0.0131105 -0.0163845 -0.0168764 -0.0145407 -0.00958836 -0.00234908 0.00679695 0.0176494 0.0304453 0.0442563 0.0364254 -0.0367044 -0.0443844 -0.0303052 -0.0171877 -0.00606184 0.00329435 0.0106107 0.0155073 0.0177729 0.0174118 0.0146386 0.00998297 0.00455869 0.000130063 -0.00179475 -0.00151271 -0.000662216 -0.000182801 -3.48707e-05 -4.86712e-06 -7.26e-08 0 
0 1.34837e-07 8.98104e-06 6.02233e-05 0.000289638 0.000932096 0.00175974 0.00121036 -0.00235056 -0.00807902 -0.0134479 -0.0166126 -0.0168811 -0.0142221 -0.00884932 -0.0010735 0.0088255 0.0211564 0.0388066 0.0755565 0.195713 -0.195975 -0.0756597 -0.0386308 -0.020651 -0.00804879 0.00205721 0.00990089 0.0152038 0.0177746 0.0176219 0.0149598 0.0103148 0.00480903 0.000248609 -0.00178143 -0.00153465 -0.000677432 -0.000187867 -3.59419e-05 -5.02675e-06 -7.49825e-08 0 
0 1.34895e-07 8.98478e-06 6.02429e-05 0.000289707 0.000932222 0.00175971 0.00120979 -0.00235119 -0.00807722 -0.0134398 -0.0165945 -0.0168507 -0.0141793 -0.0087962 -0.00101429 0.00888522 0.0212108 0.0388498 0.0755843 0.195723 -0.195984 -0.0756879 -0.0386745 -0.0207058 -0.00810915 0.00199706 0.00984641 0.015159 0.0177417 0.0176011 0.0149492 0.0103113 0.00480928 0.000249606 -0.00178097 -0.00153468 -0.000677541 -0.000187916 -3.59543e-05 -5.0291e-06 -7.50184e-08 0 
0 1.30726e-07 8.70691e-06 5.85002e-05 0.000282243 0.000913261 0.00174398 0.00126286 -0.00215606 -0.00775161 -0.0130831 -0.0163285 -0.0167865 -0.0144177 -0.0094392 -0.00218579 0.00695931 0.0177951 0.0305602 0.0443295 0.0364501 -0.0367305 -0.0444591 -0.0304216 -0.0173352 -0.00622656 0.00312787 0.010457 0.0153782 0.0176754 0.0173473 0.0146034 0.00996914 0.00455663 0.000131385 -0.00179422 -0.00151311 -0.000662626 -0.000182965 -3.4911e-05 -4.87454e-06 -7.27147e-08 0 
0 1.22704e-07 8.17241e-06 5.51384e-05 0.000267759 0.000875942 0.0017106 0.00135853 -0.00178719 -0.00712546 -0.0123883 -0.0158033 -0.0166521 -0.0148787 -0.010714 -0.00456688 0.00294073 0.0108914 0.0176683 0.0195215 0.010012 -0.0103219 -0.0196941 -0.0175938 -0.0105132 -0.00228913 0.00543189 0.011671 0.0158048 0.0175395 0.0168466 0.0139277 0.00930628 0.00407287 -9.0346e-05 -0.00181507 -0.00146964 -0.000633449 -0.000173372 -3.28988e-05 -4.57693e-06 -6.8277e-08 0 
0 1.11491e-07 7.42684e-06 5.04204e-05 0.0002472 0.000821627 0.00165584 0.00147562 -0.00128741 -0.0062458 -0.0113781 -0.014992 -0.0163501 -0.0153655 -0.0122629 -0.0074836 -0.00174469 0.00386018 0.00774419 0.00791609 0.00337248 -0.00371149 -0.00813646 -0.0077473 -0.00358711 0.00228478 0.00823901 0.0131315 0.0162404 0.0172323 0.0160636 0.0129325 0.00836068 0.00340223 -0.000384425 -0.00183182 -0.00140368 -0.000591419 -0.000159796 -3.00763e-05 -4.16153e-06 -6.20696e-08 0 
0 9.77376e-08 6.52965e-06 4.46928e-05 0.000221846 0.000752354 0.0015756 0.00158706 -0.000714527 -0.0051789 -0.0100863 -0.0138577 -0.0157388 -0.015593 -0.0136008 -0.0101576 -0.00590662 -0.00176646 0.00117795 0.00203656 0.00083924 -0.00119653 -0.00229746 -0.00125838 0.0019252 0.00631517 0.0107778 0.0143551 0.0163969 0.0166034 0.0149468 0.0116349 0.00718735 0.0026061 -0.000709467 -0.00182961 -0.00131489 -0.000538517 -0.000143118 -2.66526e-05 -3.6613e-06 -5.44495e-08 0 
0 8.35993e-08 5.56702e-06 3.84456e-05 0.000193465 0.000670942 0.00146498 0.00165984 -0.000137679 -0.00400177 -0.008548 -0.0123492 -0.0146499 -0.015253 -0.0142631 -0.0119769 -0.00888079 -0.00563884 -0.00293738 -0.00122527 -0.000417664 6.018e-05 0.0009404 0.00279191 0.00568748 0.00915004 0.0124448 0.0148802 0.0159613 0.0154715 0.0134248 0.0100464 0.00584847 0.00175848 -0.00101381 -0.00178958 -0.00120294 -0.000477483 -0.000124586 -2.29315e-05 -3.12556e-06 -4.66315e-08 0 
0 6.88325e-08 4.57961e-06 3.19523e-05 0.000163297 0.000580541 0.00132523 0.00167676 0.000388722 -0.00279975 -0.00684469 -0.0105025 -0.0130377 -0.0141968 -0.014 -0.0126311 -0.0104149 -0.00779827 -0.00522106 -0.00297413 -0.00106477 0.000725453 0.00268458 0.00503007 0.00775278 0.0105514 0.0129441 0.0144669 0.0147879 0.0137853 0.011521 0.00823717 0.00442832 0.000927336 -0.00126298 -0.00170469 -0.00107062 -0.000410691 -0.000104973 -1.90658e-05 -2.57527e-06 -3.84541e-08 0 
0 5.44505e-08 3.61927e-06 2.55422e-05 0.000132773 0.000484821 0.00115903 0.00162467 0.000817482 -0.0016525 -0.00506399 -0.00838282 -0.0109238 -0.0123962 -0.0127471 -0.012062 -0.0105318 -0.008443 -0.00608551 -0.00368513 -0.00132487 0.00102001 0.00341045 0.00587299 0.00832905 0.0105562 0.0122326 0.0130638 0.0128549 0.0115645 0.00929304 0.00628808 0.003009 0.000174734 -0.00142684 -0.00156991 -0.00092161 -0.00034094 -8.52093e-05 -1.52503e-05 -2.03911e-06 -3.04758e-08 0 
0 4.10492e-08 2.72483e-06 1.94751e-05 0.000103128 0.000387534 0.000971903 0.00150018 0.00111755 -0.000628238 -0.00330257 -0.00609878 -0.00841751 -0.00995888 -0.0106209 -0.010415 -0.00943535 -0.00785278 -0.00585987 -0.00363951 -0.00131148 0.00105224 0.00339564 0.00564964 0.00770089 0.00937832 0.0104692 0.0108012 0.0102805 0.00892374 0.0068511 0.00429855 0.00166939 -0.000451095 -0.00148809 -0.0013866 -0.000760943 -0.000270897 -6.60789e-05 -1.16375e-05 -1.53857e-06 -2.30246e-08 0 
0 2.90592e-08 1.92568e-06 1.39597e-05 7.54395e-05 0.000292422 0.000771229 0.00130642 0.00126682 0.000206432 -0.00167479 -0.00380564 -0.00570502 -0.00709716 -0.00785925 -0.00795644 -0.00741959 -0.00633752 -0.00483372 -0.00304859 -0.00110295 0.000896416 0.00284769 0.00464709 0.00617929 0.00731756 0.00793024 0.00792989 0.00728986 0.0060604 0.00436073 0.00239712 0.000495779 -0.000906773 -0.00143703 -0.00116013 -0.000594539 -0.000203141 -4.82581e-05 -8.34969e-06 -1.09001e-06 -1.63384e-08 0 
0 1.88674e-08 1.24775e-06 9.19135e-06 5.07989e-05 0.000203676 0.000566631 0.00105179 0.00124715 0.000773659 -0.000336343 -0.00173555 -0.0030838 -0.00416022 -0.00484765 -0.00509422 -0.00489294 -0.00428008 -0.00332618 -0.00212578 -0.000775535 0.000624824 0.00197542 0.00317892 0.00414218 0.00478121 0.00502557 0.0048429 0.00424412 0.00328817 0.00207737 0.000770457 -0.000398066 -0.00114355 -0.00126801 -0.000900124 -0.000429932 -0.000140528 -3.24317e-05 -5.50254e-06 -7.08091e-07 -1.06347e-08 0 
0 1.08504e-08 7.15604e-07 5.369e-06 3.04168e-05 0.000126481 0.000372273 0.000755989 0.00105425 0.00099697 0.000525205 -0.000197974 -0.000973997 -0.00165528 -0.00215291 -0.00241835 -0.00243126 -0.00219818 -0.00175025 -0.00113829 -0.000423075 0.000326824 0.00104061 0.00165064 0.00209813 0.00233818 0.00234287 0.00210981 0.00166352 0.00105254 0.000349201 -0.000342802 -0.000882609 -0.00112085 -0.000989536 -0.000625073 -0.000277786 -8.65919e-05 -1.93681e-05 -3.21577e-06 -4.07045e-07 -6.12964e-09 0 
0 5.21318e-09 3.44904e-07 2.64653e-06 1.54206e-05 6.66758e-05 0.000208038 0.000460839 0.000734387 0.00087414 0.000802248 0.000562367 0.000240675 -8.59269e-05 -0.000364975 -0.000563955 -0.000664585 -0.000660741 -0.000559822 -0.000380259 -0.000149387 9.8986e-05 0.000328609 0.000505576 0.00060301 0.000604685 0.000506756 0.000317622 5.86209e-05 -0.000239925 -0.00053799 -0.000782491 -0.000908741 -0.000862885 -0.000648733 -0.00036902 -0.000152535 -4.52227e-05 -9.77811e-06 -1.58371e-06 -1.96391e-07 -2.94767e-09 0 
0 2.10476e-09 1.36944e-07 1.07352e-06 6.42058e-06 2.87342e-05 9.43821e-05 0.000225431 0.000398892 0.00054881 0.000621836 0.000612357 0.000542559 0.000440079 0.000327083 0.000219211 0.000127227 5.82202e-05 1.44099e-05 -6.20217e-06 -1.05845e-05 -9.26191e-06 -1.4192e-05 -3.61837e-05 -8.24731e-05 -0.000155022 -0.000249627 -0.000358095 -0.000468422 -0.000566875 -0.000637337 -0.000660775 -0.000618297 -0.000502977 -0.000336996 -0.000175699 -6.8079e-05 -1.93148e-05 -4.05534e-06 -6.41892e-07 -7.80571e-08 -1.19089e-09 0 
0 6.7297e-10 4.29736e-08 3.43988e-07 2.11328e-06 9.77123e-06 3.35655e-05 8.55313e-05 0.000164705 0.000251179 0.000321167 0.000362634 0.000375177 0.00036387 0.000334589 0.000292482 0.000241987 0.000187181 0.000131291 7.66116e-05 2.35074e-05 -2.89217e-05 -8.21159e-05 -0.000137158 -0.00019396 -0.000250759 -0.00030372 -0.000348433 -0.000380188 -0.00039469 -0.000387844 -0.000356048 -0.000298034 -0.000219008 -0.00013433 -6.50467e-05 -2.38265e-05 -6.50652e-06 -1.32791e-06 -2.05157e-07 -2.44739e-08 -3.80265e-10 0 
0 1.72165e-10 1.06692e-08 8.67909e-08 5.46945e-07 2.61052e-06 9.32594e-06 2.50646e-05 5.17028e-05 8.52778e-05 0.000118599 0.000145423 0.000162733 0.000169833 0.000167179 0.000155724 0.000136716 0.000111676 8.22542e-05 5.0132e-05 1.65566e-05 -1.74563e-05 -5.10056e-05 -8.31452e-05 -0.000112751 -0.000138465 -0.000158576 -0.000171571 -0.000176228 -0.000171775 -0.000157922 -0.000135089 -0.000105009 -7.15469e-05 -4.08992e-05 -1.86284e-05 -6.51517e-06 -1.71956e-06 -3.41102e-07 -5.14967e-08 -6.05624e-09 0 0 
0 0 2.14034e-09 1.75497e-08 1.12867e-07 5.54693e-07 2.05186e-06 5.7518e-06 1.25075e-05 2.1894e-05 3.2395e-05 4.20539e-05 4.95103e-05 5.4e-05 5.52149e-05 5.3155e-05 4.80368e-05 4.02435e-05 3.02898e-05 1.87889e-05 6.35491e-06 -6.38394e-06 -1.88016e-05 -3.02873e-05 -4.02625e-05 -4.82029e-05 -5.36346e-05 -5.62231e-05 -5.57912e-05 -5.23396e-05 -4.60878e-05 -3.7554e-05 -2.76629e-05 -1.77886e-05 -9.62837e-06 -4.18334e-06 -1.40974e-06 -3.60629e-07 -6.96714e-08 -1.03328e-08 -1.20826e-09 0 0 
0 0 3.53961e-10 2.90068e-09 1.88974e-08 9.51296e-08 3.62679e-07 1.05069e-06 2.37126e-06 4.32625e-06 6.68961e-06 9.03135e-06 1.10019e-05 1.23529e-05 1.29439e-05 1.27236e-05 1.17085e-05 9.9651e-06 7.60406e-06 4.76718e-06 1.6322e-06 -1.603e-06 -4.73441e-06 -7.56746e-06 -9.93186e-06 -1.16937e-05 -1.27698e-05 -1.31119e-05 -1.27173e-05 -1.16269e-05 -9.93992e-06 -7.82964e-06 -5.552e-06 -3.42324e-06 -1.78298e-06 -7.4891e-07 -2.4491e-07 -6.09487e-08 -1.15275e-08 -1.69249e-09 -1.98544e-10 0 0 
0 0 0 3.97129e-10 2.59993e-09 1.33103e-08 5.19956e-08 1.54594e-07 3.5794e-07 6.70558e-07 1.06804e-06 1.47887e-06 1.84161e-06 2.10702e-06 2.2434e-06 2.23562e-06 2.08201e-06 1.79078e-06 1.37988e-06 8.71448e-07 3.00767e-07 -2.91172e-07 -8.61466e-07 -1.36965e-06 -1.78174e-06 -2.07316e-06 -2.23531e-06 -2.26327e-06 -2.16155e-06 -1.9423e-06 -1.62809e-06 -1.25403e-06 -8.67178e-07 -5.19516e-07 -2.6386e-07 -1.08192e-07 -3.45339e-08 -8.40712e-09 -1.56806e-09 -2.29809e-10 0 0 0 
0 0 0 0 2.96584e-10 1.53162e-09 6.08847e-09 1.84704e-08 4.35626e-08 8.30121e-08 1.34931e-07 1.89846e-07 2.39723e-07 2.77606e-07 2.98689e-07 3.00388e-07 2.82017e-07 2.44326e-07 1.89682e-07 1.20475e-07 4.18848e-08 -3.99459e-08 -1.18536e-07 -1.87816e-07 -2.42806e-07 -2.8007e-07 -2.99368e-07 -3.00238e-07 -2.83764e-07 -2.52048e-07 -2.0856e-07 -1.58334e-07 -1.07726e-07 -6.32493e-08 -3.15899e-08 -1.27243e-08 -3.98625e-09 -9.55903e-10 -1.77276e-10 0 0 0 0 
0 0 0 0 0 0 0 2.34196e-10 5.58852e-10 1.07263e-09 1.83068e-09 2.65062e-09 3.43077e-09 4.03841e-09 4.37575e-09 4.40382e-09 4.13065e-09 3.57289e-09 2.8134e-09 1.79467e-09 6.26251e-10 -5.92254e-10 -1.75933e-09 -2.78031e-09 -3.57476e-09 -4.06081e-09 -4.33925e-09 -4.34538e-09 -4.09561e-09 -3.60716e-09 -2.93386e-09 -2.17211e-09 -1.43621e-09 -8.03483e-10 -3.98991e-10 -1.59238e-10 0 0 0 0 0 0 0 
0 0 0 0 0 0 0 0 0 0 0 0 0 0 0 0 0 0 0 0 0 0 0 0 0 0 0 0 0 0 0 0 0 0 0 0 0 0 0 0 0 0 0 
